# relative_time, cycles_done, cur_item, corpus_count, pending_total, pending_favs, map_size, saved_crashes, saved_hangs, max_depth, execs_per_sec, total_execs, edges_found, total_crashes, servers_count
61, 0, 220, 244, 132, 21, 26.19%, 0, 0, 4, 1328.12, 95593, 812, 0, 0
66, 0, 220, 247, 135, 21, 26.22%, 0, 0, 4, 1386.95, 102554, 813, 0, 0
71, 0, 222, 257, 138, 25, 26.89%, 0, 0, 5, 1531.82, 110464, 834, 0, 0
76, 0, 191, 275, 153, 26, 27.15%, 0, 0, 5, 1697.42, 119389, 842, 0, 0
81, 0, 191, 281, 159, 26, 27.25%, 0, 0, 5, 1600.72, 127427, 845, 0, 0
86, 0, 213, 292, 163, 26, 27.38%, 0, 0, 5, 1555.79, 135218, 849, 0, 0
91, 0, 226, 316, 175, 17, 27.44%, 0, 0, 6, 1623.88, 143055, 851, 0, 0
96, 0, 226, 320, 179, 17, 27.44%, 0, 0, 6, 1805.80, 152439, 851, 0, 0
101, 0, 250, 337, 187, 8, 27.57%, 0, 0, 7, 1751.76, 161379, 855, 0, 0
106, 0, 250, 347, 197, 8, 27.83%, 0, 0, 7, 1805.48, 170823, 863, 0, 0
112, 0, 250, 347, 197, 8, 27.83%, 0, 0, 7, 1852.17, 180240, 863, 0, 0
117, 0, 250, 347, 197, 8, 27.83%, 0, 0, 7, 1817.79, 189399, 863, 0, 0
122, 0, 271, 354, 202, 14, 27.96%, 0, 0, 7, 1756.03, 198112, 867, 0, 0
127, 0, 331, 365, 201, 4, 27.96%, 0, 0, 7, 1550.60, 205494, 867, 0, 0
132, 0, 331, 373, 209, 4, 28.06%, 0, 0, 7, 1561.90, 213145, 870, 0, 0
137, 0, 343, 394, 229, 7, 28.06%, 0, 0, 7, 1497.36, 220757, 870, 0, 0
142, 0, 370, 417, 247, 2, 28.12%, 0, 0, 8, 1593.17, 229063, 872, 0, 0
147, 0, 370, 427, 257, 2, 28.25%, 0, 0, 8, 1623.25, 237292, 876, 0, 0
152, 0, 439, 456, 279, 1, 28.35%, 0, 0, 10, 1598.87, 245437, 879, 0, 0
157, 0, 439, 461, 284, 1, 28.35%, 0, 0, 10, 1529.33, 253018, 879, 0, 0
162, 0, 285, 464, 279, 0, 28.47%, 0, 0, 11, 1594.38, 261280, 883, 0, 0
167, 0, 413, 469, 282, 0, 28.51%, 0, 0, 11, 1737.95, 270328, 884, 0, 0
172, 0, 435, 482, 287, 0, 28.51%, 0, 0, 11, 1707.37, 279037, 884, 0, 0
178, 0, 212, 483, 284, 0, 28.51%, 0, 0, 11, 1728.51, 287622, 884, 0, 0
183, 0, 278, 486, 281, 0, 28.54%, 0, 0, 11, 1591.28, 295604, 885, 0, 0
188, 0, 465, 492, 281, 0, 28.57%, 0, 0, 11, 1651.88, 304038, 886, 0, 0
193, 0, 115, 495, 275, 0, 28.64%, 0, 0, 11, 1698.29, 312597, 888, 0, 0
198, 1, 148, 497, 271, 0, 28.64%, 0, 0, 11, 1588.37, 320619, 888, 0, 0
203, 1, 396, 505, 270, 0, 28.64%, 0, 0, 11, 1673.48, 329219, 888, 0, 0
208, 1, 227, 507, 271, 0, 28.64%, 0, 0, 11, 1687.96, 337694, 888, 0, 0
213, 1, 291, 516, 274, 0, 28.64%, 0, 0, 11, 1393.62, 344359, 888, 0, 0
218, 1, 291, 521, 279, 0, 28.64%, 0, 0, 11, 1203.22, 350307, 888, 0, 0
223, 1, 168, 524, 276, 0, 28.67%, 0, 0, 11, 1338.60, 357134, 889, 0, 0
229, 1, 14, 527, 269, 0, 28.70%, 0, 0, 11, 1573.26, 364118, 890, 0, 0
234, 1, 460, 537, 271, 0, 28.70%, 0, 0, 11, 1555.00, 372146, 890, 0, 0
239, 1, 515, 546, 276, 0, 28.70%, 0, 0, 11, 1425.13, 379347, 890, 0, 0
244, 1, 515, 550, 280, 0, 28.70%, 0, 0, 11, 1255.66, 385391, 890, 0, 0
249, 1, 515, 552, 282, 0, 28.70%, 0, 0, 11, 1243.07, 391661, 890, 0, 0
254, 1, 189, 555, 278, 0, 28.70%, 0, 0, 11, 1477.83, 399105, 890, 0, 0
259, 1, 300, 555, 261, 0, 28.70%, 0, 0, 11, 1532.79, 407054, 890, 0, 0
264, 1, 101, 558, 254, 0, 28.70%, 0, 0, 11, 1563.43, 414989, 890, 0, 0
269, 1, 315, 565, 253, 0, 28.70%, 0, 0, 11, 1603.12, 422785, 890, 0, 0
274, 1, 547, 567, 252, 0, 28.70%, 0, 0, 11, 1671.02, 431426, 890, 0, 0
279, 1, 316, 569, 242, 0, 28.76%, 0, 0, 11, 1576.59, 438930, 892, 0, 0
285, 1, 133, 570, 228, 0, 28.76%, 0, 0, 11, 1581.22, 446686, 892, 0, 0
290, 1, 539, 582, 234, 0, 28.76%, 0, 0, 12, 1471.26, 453958, 892, 0, 0
295, 1, 117, 584, 229, 0, 28.76%, 0, 0, 12, 1488.79, 461712, 892, 0, 0
300, 1, 468, 588, 222, 0, 28.83%, 0, 0, 12, 1624.94, 469765, 894, 0, 0
305, 1, 418, 590, 213, 0, 28.89%, 0, 0, 12, 1498.31, 477220, 896, 0, 0
311, 1, 556, 592, 207, 0, 28.89%, 0, 0, 12, 1589.54, 486109, 896, 0, 0
316, 1, 74, 593, 199, 0, 28.89%, 0, 0, 12, 1571.57, 494065, 896, 0, 0
321, 2, 421, 594, 194, 0, 28.89%, 0, 0, 12, 1538.53, 501579, 896, 0, 0
326, 2, 175, 594, 186, 0, 28.89%, 0, 0, 12, 1455.46, 508495, 896, 0, 0
331, 2, 490, 595, 180, 0, 28.89%, 0, 0, 12, 1557.13, 516551, 896, 0, 0
336, 2, 154, 596, 170, 0, 29.12%, 0, 0, 12, 1583.11, 524481, 903, 0, 0
341, 2, 229, 597, 164, 0, 29.12%, 0, 0, 12, 1510.12, 531901, 903, 0, 0
347, 2, 585, 598, 153, 0, 29.12%, 0, 0, 12, 1580.07, 540700, 903, 0, 0
352, 2, 239, 598, 146, 0, 29.12%, 0, 0, 12, 1581.12, 548801, 903, 0, 0
357, 2, 421, 601, 144, 0, 29.12%, 0, 0, 13, 1621.47, 557119, 903, 0, 0
362, 2, 116, 603, 141, 0, 29.12%, 0, 0, 13, 1613.87, 565643, 903, 0, 0
367, 2, 120, 605, 136, 0, 29.12%, 0, 0, 13, 1624.49, 574037, 903, 0, 0
373, 2, 600, 612, 141, 0, 29.12%, 0, 0, 13, 1596.61, 582016, 903, 0, 0
378, 2, 264, 615, 139, 0, 29.12%, 0, 0, 13, 1638.67, 590239, 903, 0, 0
383, 2, 120, 617, 138, 0, 29.12%, 0, 0, 13, 1533.10, 597734, 903, 0, 0
388, 2, 241, 619, 130, 0, 29.12%, 0, 0, 13, 1633.56, 606174, 903, 0, 0
393, 2, 483, 619, 126, 0, 29.12%, 0, 0, 13, 1549.56, 613944, 903, 0, 0
398, 3, 87, 623, 124, 0, 29.12%, 0, 0, 13, 1540.55, 621810, 903, 0, 0
403, 3, 629, 631, 124, 2, 29.93%, 0, 0, 13, 1645.50, 630101, 928, 0, 0
409, 3, 494, 632, 121, 0, 29.93%, 0, 0, 13, 1614.56, 638384, 928, 0, 0
414, 3, 195, 635, 117, 0, 29.93%, 0, 0, 13, 1625.36, 646884, 928, 0, 0
419, 3, 173, 638, 117, 0, 30.09%, 0, 0, 13, 1679.45, 655477, 933, 0, 0
424, 3, 521, 640, 117, 0, 30.12%, 0, 0, 13, 1647.47, 663736, 934, 0, 0
429, 3, 568, 640, 110, 0, 30.12%, 0, 0, 13, 1676.99, 672345, 934, 0, 0
434, 3, 484, 642, 109, 0, 30.12%, 0, 0, 13, 1604.01, 680181, 934, 0, 0
439, 3, 628, 642, 103, 0, 30.12%, 0, 0, 13, 1686.50, 687941, 934, 0, 0
445, 3, 423, 644, 100, 0, 30.12%, 0, 0, 13, 1710.93, 696750, 934, 0, 0
450, 3, 593, 645, 99, 0, 30.12%, 0, 0, 13, 1629.73, 705322, 934, 0, 0
455, 3, 533, 647, 96, 0, 30.15%, 0, 0, 13, 1564.79, 712996, 935, 0, 0
460, 3, 645, 648, 92, 0, 30.15%, 0, 0, 13, 1697.40, 721764, 935, 0, 0
465, 4, 419, 649, 91, 0, 30.15%, 0, 0, 13, 1632.47, 730217, 935, 0, 0
470, 4, 531, 653, 91, 0, 30.15%, 0, 0, 13, 1646.03, 738593, 935, 0, 0
475, 4, 14, 654, 87, 0, 30.15%, 0, 0, 13, 1670.13, 747034, 935, 0, 0
480, 4, 494, 659, 89, 0, 30.15%, 0, 0, 13, 1452.39, 754003, 935, 0, 0
485, 4, 602, 659, 84, 0, 30.15%, 0, 0, 13, 1578.48, 762075, 935, 0, 0
490, 4, 621, 661, 82, 0, 30.15%, 0, 0, 13, 1583.49, 769926, 935, 0, 0
495, 4, 144, 663, 80, 0, 30.22%, 0, 0, 13, 1542.99, 777674, 937, 0, 0
501, 4, 639, 664, 77, 0, 30.22%, 0, 0, 13, 1579.48, 785413, 937, 0, 0
506, 4, 348, 664, 72, 0, 30.22%, 0, 0, 13, 1656.00, 793692, 937, 0, 0
511, 4, 217, 665, 73, 0, 30.22%, 0, 0, 13, 1680.69, 802287, 937, 0, 0
516, 4, 228, 667, 73, 0, 30.25%, 0, 0, 13, 1616.89, 810417, 938, 0, 0
521, 4, 333, 668, 73, 0, 30.25%, 0, 0, 13, 1659.79, 818710, 938, 0, 0
526, 4, 117, 671, 72, 0, 30.25%, 0, 0, 13, 1649.83, 827165, 938, 0, 0
531, 4, 120, 673, 68, 0, 30.38%, 0, 0, 13, 1598.37, 835447, 942, 0, 0
536, 5, 598, 674, 66, 0, 30.38%, 0, 0, 13, 1668.00, 843852, 942, 0, 0
541, 5, 524, 675, 65, 0, 30.38%, 0, 0, 13, 1738.17, 852827, 942, 0, 0
547, 5, 49, 676, 64, 0, 30.38%, 0, 0, 13, 1649.21, 861026, 942, 0, 0
552, 5, 151, 678, 64, 0, 30.38%, 0, 0, 13, 1645.17, 869595, 942, 0, 0
557, 5, 529, 680, 65, 0, 30.38%, 0, 0, 13, 1702.11, 878445, 942, 0, 0
562, 5, 237, 680, 63, 0, 30.38%, 0, 0, 13, 1719.69, 887234, 942, 0, 0
567, 5, 296, 680, 61, 0, 30.38%, 0, 0, 13, 1754.41, 896191, 942, 0, 0
572, 5, 524, 681, 59, 0, 30.38%, 0, 0, 13, 1696.46, 904994, 942, 0, 0
577, 5, 244, 681, 58, 0, 30.38%, 0, 0, 13, 1612.96, 912724, 942, 0, 0
583, 5, 98, 682, 57, 0, 30.38%, 0, 0, 13, 1606.28, 921012, 942, 0, 0
588, 5, 682, 683, 56, 0, 30.51%, 0, 0, 13, 1727.14, 929949, 946, 0, 0
593, 5, 672, 690, 63, 0, 30.51%, 0, 0, 13, 1694.31, 938498, 946, 0, 0
598, 5, 163, 691, 63, 0, 30.51%, 0, 0, 13, 1664.09, 946851, 946, 0, 0
603, 5, 228, 692, 64, 0, 30.51%, 0, 0, 13, 1588.01, 953823, 946, 0, 0
608, 6, 278, 693, 63, 0, 30.51%, 0, 0, 13, 1621.91, 962075, 946, 0, 0
613, 6, 682, 695, 63, 0, 30.57%, 0, 0, 13, 1661.57, 970573, 948, 0, 0
618, 6, 694, 698, 66, 0, 30.57%, 0, 0, 13, 1454.04, 977569, 948, 0, 0
623, 6, 345, 698, 64, 0, 30.57%, 0, 0, 13, 1630.37, 985900, 948, 0, 0
630, 6, 698, 699, 61, 1, 30.60%, 0, 0, 13, 1541.97, 995579, 949, 0, 0
635, 6, 700, 702, 61, 0, 30.60%, 0, 0, 13, 122.73, 999340, 949, 0, 0
640, 6, 85, 702, 58, 0, 30.60%, 0, 0, 13, 1513.58, 1006977, 949, 0, 0
645, 6, 517, 702, 56, 0, 30.60%, 0, 0, 13, 1592.00, 1015202, 949, 0, 0
650, 6, 595, 704, 54, 0, 30.60%, 0, 0, 13, 1279.50, 1022641, 949, 0, 0
656, 6, 345, 706, 54, 0, 30.60%, 0, 0, 13, 1452.71, 1030602, 949, 0, 0
661, 6, 704, 710, 58, 0, 30.60%, 0, 0, 13, 1402.06, 1037928, 949, 0, 0
666, 6, 704, 714, 62, 0, 30.64%, 0, 0, 13, 1415.44, 1045180, 950, 0, 0
671, 6, 692, 715, 60, 0, 30.67%, 0, 0, 13, 1552.63, 1053335, 951, 0, 0
676, 6, 639, 715, 57, 0, 30.67%, 0, 0, 13, 961.53, 1060025, 951, 0, 0
681, 6, 299, 716, 54, 0, 30.67%, 0, 0, 13, 1431.21, 1068067, 951, 0, 0
686, 6, 391, 717, 54, 0, 30.67%, 0, 0, 13, 1544.14, 1076080, 951, 0, 0
691, 6, 215, 718, 52, 0, 30.67%, 0, 0, 13, 1653.29, 1084425, 951, 0, 0
697, 6, 468, 718, 48, 0, 30.67%, 0, 0, 13, 1656.05, 1092921, 951, 0, 0
702, 6, 238, 718, 44, 0, 30.67%, 0, 0, 13, 1516.20, 1100562, 951, 0, 0
708, 6, 717, 718, 43, 0, 30.67%, 0, 0, 13, 1531.63, 1110509, 951, 0, 0
714, 7, 336, 718, 39, 0, 30.67%, 0, 0, 13, 1600.99, 1118840, 951, 0, 0
719, 7, 56, 719, 36, 0, 30.70%, 0, 0, 13, 1650.67, 1127103, 952, 0, 0
724, 7, 718, 719, 35, 0, 30.70%, 0, 0, 13, 1515.91, 1134539, 952, 0, 0
729, 7, 215, 719, 35, 0, 30.70%, 0, 0, 13, 1642.72, 1143622, 952, 0, 0
734, 7, 524, 721, 34, 0, 30.80%, 0, 0, 13, 1410.33, 1149694, 955, 0, 0
739, 7, 588, 721, 33, 0, 30.80%, 0, 0, 13, 1528.17, 1157514, 955, 0, 0
744, 7, 713, 722, 32, 0, 30.80%, 0, 0, 13, 1581.28, 1165822, 955, 0, 0
750, 7, 689, 730, 39, 0, 30.83%, 0, 0, 13, 1581.88, 1173898, 956, 0, 0
755, 7, 689, 732, 41, 0, 30.83%, 0, 0, 13, 1637.70, 1182519, 956, 0, 0
760, 7, 155, 734, 40, 0, 30.83%, 0, 0, 13, 1626.57, 1190683, 956, 0, 0
765, 7, 734, 737, 40, 0, 30.83%, 0, 0, 13, 1674.28, 1199347, 956, 0, 0
770, 7, 734, 741, 44, 0, 30.83%, 0, 0, 13, 1479.00, 1206505, 956, 0, 0
775, 7, 527, 741, 43, 0, 30.83%, 0, 0, 13, 1572.26, 1214521, 956, 0, 0
781, 7, 738, 742, 44, 0, 30.83%, 0, 0, 13, 1627.12, 1224531, 956, 0, 0
787, 7, 639, 744, 44, 0, 30.83%, 0, 0, 13, 1465.68, 1231623, 956, 0, 0
792, 7, 209, 745, 43, 0, 30.89%, 0, 0, 13, 1617.97, 1239975, 958, 0, 0
797, 7, 724, 746, 42, 0, 30.89%, 0, 0, 13, 1613.47, 1248107, 958, 0, 0
802, 7, 551, 746, 41, 0, 30.89%, 0, 0, 13, 1609.40, 1256358, 958, 0, 0
807, 7, 539, 747, 38, 0, 30.89%, 0, 0, 13, 1489.18, 1263723, 958, 0, 0
812, 7, 110, 747, 35, 0, 30.89%, 0, 0, 13, 1579.47, 1271499, 958, 0, 0
818, 8, 740, 747, 34, 0, 30.89%, 0, 0, 13, 1589.48, 1280981, 958, 0, 0
823, 8, 723, 748, 32, 0, 31.02%, 0, 0, 13, 1648.97, 1289387, 962, 0, 0
828, 8, 524, 748, 30, 0, 31.02%, 0, 0, 13, 1470.98, 1296608, 962, 0, 0
834, 8, 323, 748, 29, 0, 31.02%, 0, 0, 13, 1600.50, 1304845, 962, 0, 0
839, 8, 351, 748, 29, 0, 31.02%, 0, 0, 13, 1665.23, 1313300, 962, 0, 0
844, 8, 565, 749, 29, 0, 31.02%, 0, 0, 13, 1528.95, 1320843, 962, 0, 0
849, 8, 278, 750, 30, 0, 31.02%, 0, 0, 13, 1626.38, 1329109, 962, 0, 0
854, 8, 741, 752, 32, 0, 31.02%, 0, 0, 13, 1595.08, 1337723, 962, 0, 0
859, 8, 633, 752, 31, 0, 31.02%, 0, 0, 13, 1615.07, 1345167, 962, 0, 0
864, 8, 239, 752, 29, 0, 31.02%, 0, 0, 13, 1602.47, 1353170, 962, 0, 0
869, 8, 621, 752, 27, 0, 31.02%, 0, 0, 13, 1529.83, 1361066, 962, 0, 0
875, 8, 125, 752, 26, 0, 31.02%, 0, 0, 13, 1623.83, 1369525, 962, 0, 0
880, 8, 747, 752, 24, 0, 31.02%, 0, 0, 13, 1641.76, 1377875, 962, 0, 0
885, 8, 744, 753, 24, 0, 31.05%, 0, 0, 13, 1645.90, 1386116, 963, 0, 0
890, 8, 753, 755, 25, 1, 31.12%, 0, 0, 13, 1600.61, 1394069, 965, 0, 0
895, 8, 444, 755, 22, 0, 31.12%, 0, 0, 13, 1418.63, 1400869, 965, 0, 0
900, 9, 752, 755, 19, 0, 31.12%, 0, 0, 13, 1545.13, 1408840, 965, 0, 0
905, 9, 43, 756, 19, 0, 31.12%, 0, 0, 13, 1528.85, 1416656, 965, 0, 0
910, 9, 279, 756, 19, 0, 31.12%, 0, 0, 13, 1617.43, 1425027, 965, 0, 0
915, 9, 494, 756, 19, 0, 31.12%, 0, 0, 13, 1551.42, 1432339, 965, 0, 0
920, 9, 568, 756, 19, 0, 31.12%, 0, 0, 13, 1821.13, 1437353, 965, 0, 0
925, 9, 241, 757, 20, 0, 31.12%, 0, 0, 13, 1680.50, 1445563, 965, 0, 0
930, 9, 642, 757, 20, 0, 31.12%, 0, 0, 13, 1618.44, 1453510, 965, 0, 0
935, 9, 730, 757, 19, 0, 31.12%, 0, 0, 13, 1578.89, 1461403, 965, 0, 0
941, 9, 87, 757, 18, 0, 31.12%, 0, 0, 13, 1581.40, 1469296, 965, 0, 0
946, 9, 718, 757, 18, 0, 31.12%, 0, 0, 13, 1601.06, 1477271, 965, 0, 0
951, 9, 121, 758, 19, 0, 31.12%, 0, 0, 13, 1650.82, 1485661, 965, 0, 0
956, 9, 742, 758, 19, 0, 31.12%, 0, 0, 13, 1468.29, 1493608, 965, 0, 0
961, 9, 568, 759, 18, 0, 31.12%, 0, 0, 13, 1616.46, 1501814, 965, 0, 0
967, 9, 758, 760, 18, 0, 31.12%, 0, 0, 13, 1657.48, 1510329, 965, 0, 0
972, 9, 602, 761, 18, 0, 31.15%, 0, 0, 13, 1588.80, 1517957, 966, 0, 0
977, 9, 188, 761, 18, 0, 31.15%, 0, 0, 13, 1503.62, 1525027, 966, 0, 0
982, 10, 262, 761, 18, 0, 31.15%, 0, 0, 13, 1580.98, 1533097, 966, 0, 0
987, 10, 444, 763, 18, 0, 31.15%, 0, 0, 14, 1662.30, 1541406, 966, 0, 0
992, 10, 244, 763, 17, 0, 31.15%, 0, 0, 14, 1652.03, 1550056, 966, 0, 0
997, 10, 568, 763, 15, 0, 31.15%, 0, 0, 14, 1705.87, 1558846, 966, 0, 0
1002, 10, 144, 763, 15, 0, 31.15%, 0, 0, 14, 1644.63, 1567106, 966, 0, 0
1007, 10, 236, 763, 14, 0, 31.15%, 0, 0, 14, 1664.17, 1575352, 966, 0, 0
1013, 10, 682, 764, 14, 0, 31.15%, 0, 0, 14, 1654.24, 1583742, 966, 0, 0
1018, 10, 751, 764, 14, 0, 31.15%, 0, 0, 14, 1669.40, 1592740, 966, 0, 0
1023, 10, 569, 765, 14, 0, 31.15%, 0, 0, 14, 1665.47, 1601205, 966, 0, 0
1028, 10, 752, 767, 16, 0, 31.15%, 0, 0, 14, 1674.42, 1609531, 966, 0, 0
1033, 10, 569, 768, 16, 0, 31.15%, 0, 0, 14, 1560.16, 1617406, 966, 0, 0
1039, 10, 745, 768, 14, 0, 31.15%, 0, 0, 14, 1620.35, 1625673, 966, 0, 0
1044, 10, 729, 769, 12, 0, 31.15%, 0, 0, 14, 1577.83, 1633270, 966, 0, 0
1049, 10, 709, 771, 12, 0, 31.15%, 0, 0, 14, 1646.13, 1641529, 966, 0, 0
1054, 10, 345, 774, 13, 0, 31.15%, 0, 0, 14, 1404.67, 1648307, 966, 0, 0
1059, 10, 421, 774, 13, 0, 31.15%, 0, 0, 14, 1556.44, 1656460, 966, 0, 0
1064, 10, 307, 774, 13, 0, 31.15%, 0, 0, 14, 1585.11, 1664552, 966, 0, 0
1069, 11, 444, 774, 13, 0, 31.15%, 0, 0, 14, 1600.97, 1672833, 966, 0, 0
1074, 11, 189, 774, 12, 0, 31.15%, 0, 0, 14, 1526.13, 1680709, 966, 0, 0
1079, 11, 773, 774, 12, 0, 31.15%, 0, 0, 14, 1468.25, 1688685, 966, 0, 0
1085, 11, 543, 774, 10, 0, 31.15%, 0, 0, 14, 1445.16, 1696556, 966, 0, 0
1090, 11, 238, 774, 8, 0, 31.15%, 0, 0, 14, 1597.31, 1704782, 966, 0, 0
1095, 11, 774, 776, 9, 0, 31.15%, 0, 0, 14, 1379.90, 1711857, 966, 0, 0
1100, 11, 276, 776, 8, 0, 31.15%, 0, 0, 14, 1502.01, 1719318, 966, 0, 0
1105, 11, 65, 776, 8, 0, 31.15%, 0, 0, 14, 1668.62, 1728005, 966, 0, 0
1110, 11, 248, 776, 8, 0, 31.15%, 0, 0, 14, 1673.29, 1735915, 966, 0, 0
1115, 11, 156, 777, 8, 0, 31.18%, 0, 0, 14, 1575.72, 1743892, 967, 0, 0
1120, 11, 718, 777, 8, 0, 31.18%, 0, 0, 14, 1606.53, 1752088, 967, 0, 0
1126, 11, 336, 777, 8, 0, 31.18%, 0, 0, 14, 1616.14, 1760476, 967, 0, 0
1131, 11, 524, 777, 8, 0, 31.18%, 0, 0, 14, 1425.30, 1767989, 967, 0, 0
1136, 11, 336, 777, 8, 0, 31.18%, 0, 0, 14, 1640.61, 1776708, 967, 0, 0
1141, 11, 421, 777, 8, 0, 31.18%, 0, 0, 14, 1518.34, 1784103, 967, 0, 0
1146, 11, 632, 777, 8, 0, 31.18%, 0, 0, 14, 1616.37, 1792526, 967, 0, 0
1151, 11, 636, 778, 8, 0, 31.18%, 0, 0, 14, 1656.98, 1800904, 967, 0, 0
1156, 12, 249, 780, 8, 0, 31.18%, 0, 0, 14, 1600.40, 1808832, 967, 0, 0
1161, 12, 775, 780, 6, 0, 31.18%, 0, 0, 14, 1555.46, 1816817, 967, 0, 0
1167, 12, 608, 780, 4, 0, 31.18%, 0, 0, 14, 1615.20, 1825256, 967, 0, 0
1172, 12, 229, 780, 3, 0, 31.18%, 0, 0, 14, 1603.17, 1833503, 967, 0, 0
1177, 12, 524, 781, 4, 0, 31.18%, 0, 0, 14, 1426.68, 1840626, 967, 0, 0
1182, 12, 758, 781, 4, 0, 31.18%, 0, 0, 14, 1605.60, 1849163, 967, 0, 0
1187, 12, 177, 781, 4, 0, 31.18%, 0, 0, 14, 1580.66, 1856957, 967, 0, 0
1192, 12, 733, 782, 5, 0, 31.18%, 0, 0, 14, 1488.43, 1864848, 967, 0, 0
1197, 12, 115, 782, 5, 0, 31.18%, 0, 0, 14, 1525.87, 1872527, 967, 0, 0
1202, 12, 588, 783, 5, 0, 31.18%, 0, 0, 14, 1591.09, 1880840, 967, 0, 0
1208, 12, 633, 783, 5, 0, 31.18%, 0, 0, 14, 1649.72, 1889321, 967, 0, 0
1213, 12, 121, 784, 6, 0, 31.18%, 0, 0, 14, 1678.01, 1897823, 967, 0, 0
1218, 12, 780, 789, 11, 0, 31.22%, 0, 0, 14, 1448.86, 1905025, 968, 0, 0
1223, 12, 780, 790, 12, 0, 31.22%, 0, 0, 14, 1303.17, 1911516, 968, 0, 0
1228, 12, 791, 796, 15, 2, 31.47%, 0, 0, 14, 1446.61, 1919062, 976, 0, 0
1233, 12, 791, 805, 24, 2, 31.57%, 0, 0, 14, 1292.70, 1925397, 979, 0, 0
1238, 12, 791, 806, 25, 2, 31.57%, 0, 0, 14, 1203.99, 1931397, 979, 0, 0
1243, 12, 802, 811, 28, 3, 31.57%, 0, 0, 14, 1484.75, 1939365, 979, 0, 0
1248, 12, 813, 825, 39, 4, 31.63%, 0, 0, 14, 1530.87, 1947179, 981, 0, 0
1253, 12, 800, 827, 38, 1, 31.63%, 0, 0, 14, 1611.46, 1955520, 981, 0, 0
1259, 12, 815, 829, 35, 0, 31.63%, 0, 0, 14, 1562.51, 1963257, 981, 0, 0
1264, 12, 249, 829, 31, 0, 31.63%, 0, 0, 14, 1620.28, 1971462, 981, 0, 0
1269, 12, 344, 830, 31, 0, 31.63%, 0, 0, 14, 1591.27, 1979711, 981, 0, 0
1274, 12, 226, 830, 30, 0, 31.63%, 0, 0, 14, 1701.08, 1988589, 981, 0, 0
1279, 13, 260, 830, 28, 0, 31.63%, 0, 0, 14, 1690.32, 1997413, 981, 0, 0
1284, 13, 637, 830, 23, 0, 31.63%, 0, 0, 14, 1617.24, 2005324, 981, 0, 0
1289, 13, 827, 830, 20, 0, 31.63%, 0, 0, 14, 1634.85, 2013642, 981, 0, 0
1294, 13, 829, 831, 18, 0, 31.63%, 0, 0, 14, 1639.80, 2022001, 981, 0, 0
1300, 13, 830, 838, 24, 0, 31.63%, 0, 0, 14, 1550.59, 2029976, 981, 0, 0
1305, 13, 830, 842, 28, 0, 31.63%, 0, 0, 14, 1494.25, 2037430, 981, 0, 0
1310, 13, 840, 846, 31, 0, 31.63%, 0, 0, 14, 1347.75, 2044075, 981, 0, 0
1315, 13, 754, 848, 32, 0, 31.63%, 0, 0, 14, 1353.07, 2050655, 981, 0, 0
1320, 13, 808, 849, 32, 0, 31.63%, 0, 0, 14, 1533.24, 2058480, 981, 0, 0
1325, 13, 444, 849, 30, 0, 31.63%, 0, 0, 14, 1544.96, 2066442, 981, 0, 0
1330, 13, 833, 849, 29, 0, 31.63%, 0, 0, 14, 1590.19, 2074392, 981, 0, 0
1335, 13, 77, 850, 27, 0, 31.63%, 0, 0, 14, 1554.87, 2081914, 981, 0, 0
1340, 13, 750, 850, 26, 0, 31.63%, 0, 0, 14, 1542.20, 2089792, 981, 0, 0
1345, 13, 524, 852, 25, 0, 31.63%, 0, 0, 14, 1480.38, 2097210, 981, 0, 0
1351, 13, 855, 864, 35, 1, 31.63%, 0, 0, 14, 1478.19, 2104870, 981, 0, 0
1356, 13, 637, 869, 39, 0, 31.63%, 0, 0, 14, 1493.31, 2112245, 981, 0, 0
1361, 13, 229, 870, 39, 0, 31.63%, 0, 0, 14, 1539.14, 2119875, 981, 0, 0
1366, 13, 869, 870, 38, 0, 31.63%, 0, 0, 14, 1419.53, 2127441, 981, 0, 0
1372, 13, 864, 871, 38, 0, 31.63%, 0, 0, 14, 1387.94, 2135461, 981, 0, 0
1377, 13, 163, 871, 36, 0, 31.63%, 0, 0, 14, 1548.28, 2143397, 981, 0, 0
1382, 13, 808, 871, 34, 0, 31.63%, 0, 0, 14, 1448.97, 2150841, 981, 0, 0
1387, 13, 621, 871, 33, 0, 31.63%, 0, 0, 14, 1572.12, 2158925, 981, 0, 0
1392, 13, 640, 871, 31, 0, 31.63%, 0, 0, 14, 1610.88, 2167005, 981, 0, 0
1397, 13, 115, 871, 29, 0, 31.63%, 0, 0, 14, 1622.52, 2175011, 981, 0, 0
1402, 13, 704, 871, 28, 0, 31.63%, 0, 0, 14, 1590.22, 2183193, 981, 0, 0
1408, 13, 37, 871, 28, 0, 31.63%, 0, 0, 14, 1599.69, 2192320, 981, 0, 0
1413, 14, 229, 871, 26, 0, 31.63%, 0, 0, 14, 1550.05, 2200114, 981, 0, 0
1418, 14, 771, 871, 26, 0, 31.63%, 0, 0, 14, 1546.65, 2207890, 981, 0, 0
1423, 14, 177, 871, 26, 0, 31.63%, 0, 0, 14, 1704.52, 2215259, 981, 0, 0
1429, 14, 860, 871, 26, 0, 31.63%, 0, 0, 14, 1714.06, 2225196, 981, 0, 0
1434, 14, 487, 871, 22, 0, 31.63%, 0, 0, 14, 1551.73, 2232949, 981, 0, 0
1439, 14, 718, 871, 21, 0, 31.63%, 0, 0, 14, 1526.01, 2240719, 981, 0, 0
1444, 14, 856, 871, 21, 0, 31.63%, 0, 0, 14, 1629.60, 2249325, 981, 0, 0
1449, 14, 261, 872, 20, 0, 31.63%, 0, 0, 14, 1578.85, 2257392, 981, 0, 0
1454, 14, 720, 872, 19, 0, 31.63%, 0, 0, 14, 1502.77, 2265072, 981, 0, 0
1460, 14, 786, 872, 19, 0, 31.63%, 0, 0, 14, 1611.72, 2273518, 981, 0, 0
1465, 14, 872, 873, 20, 0, 31.63%, 0, 0, 14, 1486.64, 2280971, 981, 0, 0
1470, 14, 391, 873, 19, 0, 31.63%, 0, 0, 14, 1623.66, 2289245, 981, 0, 0
1475, 14, 694, 873, 17, 0, 31.63%, 0, 0, 14, 1637.28, 2297370, 981, 0, 0
1480, 14, 409, 873, 15, 0, 31.63%, 0, 0, 14, 1612.74, 2305588, 981, 0, 0
1485, 14, 754, 873, 15, 0, 31.63%, 0, 0, 14, 1567.48, 2313081, 981, 0, 0
1490, 14, 841, 873, 14, 0, 31.63%, 0, 0, 14, 1652.70, 2321430, 981, 0, 0
1495, 14, 209, 874, 12, 0, 31.63%, 0, 0, 14, 1605.22, 2329617, 981, 0, 0
1500, 14, 479, 874, 12, 0, 31.63%, 0, 0, 14, 1640.22, 2338219, 981, 0, 0
1505, 14, 177, 874, 12, 0, 31.63%, 0, 0, 14, 1658.33, 2346599, 981, 0, 0
1510, 14, 851, 874, 12, 0, 31.63%, 0, 0, 14, 1644.44, 2353709, 981, 0, 0
1516, 15, 539, 875, 10, 0, 31.63%, 0, 0, 14, 1526.21, 2361227, 981, 0, 0
1521, 15, 336, 876, 10, 0, 31.63%, 0, 0, 14, 1572.80, 2369228, 981, 0, 0
1526, 15, 336, 876, 9, 0, 31.63%, 0, 0, 14, 1635.61, 2377784, 981, 0, 0
1531, 15, 875, 876, 9, 0, 31.63%, 0, 0, 14, 1564.17, 2384578, 981, 0, 0
1536, 15, 110, 876, 7, 0, 31.63%, 0, 0, 14, 1662.60, 2392858, 981, 0, 0
1541, 15, 256, 876, 7, 0, 31.63%, 0, 0, 14, 1693.59, 2401438, 981, 0, 0
1546, 15, 485, 876, 6, 0, 31.63%, 0, 0, 14, 1605.97, 2409640, 981, 0, 0
1551, 15, 11, 876, 6, 0, 31.63%, 0, 0, 14, 1589.36, 2417425, 981, 0, 0
1556, 15, 228, 876, 4, 0, 31.63%, 0, 0, 14, 1562.78, 2425337, 981, 0, 0
1562, 15, 718, 876, 4, 0, 31.63%, 0, 0, 14, 1642.56, 2433717, 981, 0, 0
1567, 15, 746, 876, 4, 0, 31.63%, 0, 0, 14, 1671.69, 2442153, 981, 0, 0
1572, 15, 48, 876, 4, 0, 31.63%, 0, 0, 14, 1674.08, 2450570, 981, 0, 0
1577, 15, 45, 877, 5, 0, 31.63%, 0, 0, 14, 1608.45, 2458769, 981, 0, 0
1582, 15, 22, 877, 5, 0, 31.63%, 0, 0, 14, 1519.63, 2466557, 981, 0, 0
1587, 15, 817, 878, 6, 0, 31.63%, 0, 0, 14, 1425.03, 2473905, 981, 0, 0
1592, 15, 108, 878, 6, 0, 31.63%, 0, 0, 14, 1538.32, 2481903, 981, 0, 0
1597, 15, 487, 878, 6, 0, 31.63%, 0, 0, 14, 1683.51, 2490459, 981, 0, 0
1602, 15, 718, 878, 6, 0, 31.63%, 0, 0, 14, 1728.50, 2499130, 981, 0, 0
1607, 15, 879, 880, 6, 0, 31.67%, 0, 0, 14, 1686.83, 2506851, 982, 0, 0
1612, 16, 747, 880, 5, 0, 31.67%, 0, 0, 14, 1616.32, 2514743, 982, 0, 0
1617, 16, 226, 882, 5, 0, 31.67%, 0, 0, 14, 1673.82, 2523186, 982, 0, 0
1623, 16, 881, 882, 5, 0, 31.67%, 0, 0, 14, 1613.44, 2531703, 982, 0, 0
1628, 16, 873, 883, 4, 0, 31.67%, 0, 0, 14, 1576.78, 2540041, 982, 0, 0
1633, 16, 861, 883, 4, 0, 31.67%, 0, 0, 14, 1658.15, 2549121, 982, 0, 0
1638, 16, 639, 883, 4, 0, 31.67%, 0, 0, 14, 1672.77, 2557195, 982, 0, 0
1643, 16, 215, 883, 4, 0, 31.67%, 0, 0, 14, 1641.15, 2565577, 982, 0, 0
1649, 16, 568, 883, 4, 0, 31.67%, 0, 0, 14, 1682.05, 2574321, 982, 0, 0
1654, 16, 223, 883, 4, 0, 31.67%, 0, 0, 14, 1735.10, 2581886, 982, 0, 0
1659, 16, 817, 883, 4, 0, 31.67%, 0, 0, 14, 1642.43, 2590305, 982, 0, 0
1664, 16, 239, 885, 5, 0, 31.70%, 0, 0, 14, 1718.41, 2599121, 983, 0, 0
1669, 16, 391, 885, 4, 0, 31.70%, 0, 0, 14, 1661.39, 2607492, 983, 0, 0
1674, 16, 110, 885, 4, 0, 31.70%, 0, 0, 14, 1720.02, 2616453, 983, 0, 0
1679, 16, 629, 885, 4, 0, 31.70%, 0, 0, 14, 1649.79, 2624953, 983, 0, 0
1685, 16, 77, 886, 5, 0, 31.70%, 0, 0, 14, 1594.05, 2632951, 983, 0, 0
1690, 16, 91, 886, 4, 0, 31.70%, 0, 0, 14, 1691.25, 2641915, 983, 0, 0
1695, 16, 48, 887, 5, 0, 31.70%, 0, 0, 14, 1643.91, 2650126, 983, 0, 0
1700, 16, 569, 887, 5, 0, 31.70%, 0, 0, 14, 1666.72, 2658482, 983, 0, 0
1705, 16, 747, 888, 6, 0, 31.70%, 0, 0, 14, 1645.42, 2666884, 983, 0, 0
1710, 17, 248, 888, 6, 0, 31.70%, 0, 0, 14, 1611.46, 2675008, 983, 0, 0
1715, 17, 26, 888, 6, 0, 31.70%, 0, 0, 14, 1629.04, 2682952, 983, 0, 0
1722, 17, 701, 891, 8, 0, 31.70%, 0, 0, 14, 1240.96, 2690891, 983, 0, 0
1727, 17, 600, 891, 8, 0, 31.70%, 0, 0, 14, 1568.48, 2699377, 983, 0, 0
1732, 17, 621, 891, 8, 0, 31.70%, 0, 0, 14, 1663.31, 2707940, 983, 0, 0
1738, 17, 155, 891, 7, 0, 31.70%, 0, 0, 14, 1661.00, 2716090, 983, 0, 0
1743, 17, 480, 891, 7, 0, 31.70%, 0, 0, 14, 1602.02, 2724172, 983, 0, 0
1748, 17, 333, 891, 7, 0, 31.70%, 0, 0, 14, 1606.52, 2732633, 983, 0, 0
1753, 17, 808, 891, 7, 0, 31.70%, 0, 0, 14, 1621.37, 2740030, 983, 0, 0
1758, 17, 235, 891, 7, 0, 31.70%, 0, 0, 14, 1642.80, 2748430, 983, 0, 0
1763, 17, 890, 891, 7, 0, 31.70%, 0, 0, 14, 1521.62, 2756278, 983, 0, 0
1768, 17, 260, 895, 8, 0, 31.76%, 0, 0, 14, 1082.88, 2760763, 985, 0, 0
1773, 17, 307, 895, 8, 0, 31.76%, 0, 0, 14, 1270.98, 2767668, 985, 0, 0
1779, 17, 893, 895, 8, 0, 31.76%, 0, 0, 14, 1229.52, 2774768, 985, 0, 0
1784, 17, 421, 897, 10, 0, 31.76%, 0, 0, 14, 1255.04, 2781013, 985, 0, 0
1789, 17, 123, 897, 9, 0, 31.76%, 0, 0, 14, 1364.99, 2788027, 985, 0, 0
1795, 17, 896, 897, 9, 0, 31.76%, 0, 0, 14, 1504.83, 2796262, 985, 0, 0
1800, 17, 223, 898, 9, 0, 31.76%, 0, 0, 14, 1289.33, 2801657, 985, 0, 0
1805, 17, 215, 899, 10, 0, 31.76%, 0, 0, 14, 1479.59, 2809391, 985, 0, 0
1810, 17, 898, 899, 10, 0, 31.76%, 0, 0, 14, 1497.49, 2817241, 985, 0, 0
1815, 17, 709, 899, 8, 0, 31.76%, 0, 0, 14, 1514.19, 2824085, 985, 0, 0
1820, 17, 278, 899, 8, 0, 31.76%, 0, 0, 14, 1518.02, 2831847, 985, 0, 0
1825, 17, 621, 899, 8, 0, 31.76%, 0, 0, 14, 1554.85, 2839578, 985, 0, 0
1830, 18, 239, 899, 8, 0, 31.76%, 0, 0, 14, 1556.67, 2847453, 985, 0, 0
1835, 18, 345, 899, 8, 0, 31.76%, 0, 0, 14, 1615.97, 2855812, 985, 0, 0
1840, 18, 53, 899, 7, 0, 31.76%, 0, 0, 14, 1500.77, 2863384, 985, 0, 0
1845, 18, 421, 899, 7, 0, 31.76%, 0, 0, 14, 1733.23, 2871624, 985, 0, 0
1851, 18, 721, 899, 7, 0, 31.76%, 0, 0, 14, 1654.51, 2879922, 985, 0, 0
1856, 18, 238, 899, 7, 0, 31.76%, 0, 0, 14, 1694.76, 2888459, 985, 0, 0
1862, 18, 836, 899, 7, 0, 31.76%, 0, 0, 14, 1594.58, 2897609, 985, 0, 0
1867, 18, 241, 899, 6, 0, 31.76%, 0, 0, 14, 1623.74, 2905568, 985, 0, 0
1872, 18, 229, 899, 6, 0, 31.76%, 0, 0, 14, 1643.75, 2913848, 985, 0, 0
1877, 18, 718, 899, 6, 0, 31.76%, 0, 0, 14, 1767.62, 2922893, 985, 0, 0
1882, 18, 155, 899, 6, 0, 31.76%, 0, 0, 14, 1741.84, 2931534, 985, 0, 0
1888, 18, 642, 899, 6, 0, 31.76%, 0, 0, 14, 1570.39, 2940220, 985, 0, 0
1893, 18, 810, 899, 6, 0, 31.76%, 0, 0, 14, 1609.56, 2948463, 985, 0, 0
1898, 18, 636, 899, 6, 0, 31.76%, 0, 0, 14, 1644.45, 2956706, 985, 0, 0
1903, 18, 391, 899, 6, 0, 31.76%, 0, 0, 14, 1602.19, 2964884, 985, 0, 0
1908, 18, 524, 899, 6, 0, 31.76%, 0, 0, 14, 1488.74, 2972263, 985, 0, 0
1913, 18, 452, 899, 6, 0, 31.76%, 0, 0, 14, 1574.49, 2980026, 985, 0, 0
1918, 18, 338, 899, 6, 0, 31.76%, 0, 0, 14, 1673.84, 2988681, 985, 0, 0
1923, 18, 151, 900, 7, 0, 31.76%, 0, 0, 14, 1626.79, 2996829, 985, 0, 0
1928, 19, 808, 900, 6, 0, 31.76%, 0, 0, 14, 1509.17, 3004187, 985, 0, 0
1933, 19, 588, 900, 6, 0, 31.76%, 0, 0, 14, 1604.74, 3012540, 985, 0, 0
1938, 19, 884, 900, 6, 0, 31.76%, 0, 0, 14, 1629.27, 3021338, 985, 0, 0
1945, 19, 897, 900, 6, 0, 31.76%, 0, 0, 14, 1569.42, 3030215, 985, 0, 0
1950, 19, 441, 901, 5, 0, 31.76%, 0, 0, 15, 1443.83, 3037148, 985, 0, 0
1955, 19, 237, 901, 4, 0, 31.76%, 0, 0, 15, 1605.60, 3045420, 985, 0, 0
1960, 19, 78, 901, 4, 0, 31.76%, 0, 0, 15, 1600.27, 3053382, 985, 0, 0
1965, 19, 900, 903, 6, 0, 31.76%, 0, 0, 16, 218.86, 3055594, 985, 0, 0
1970, 19, 900, 903, 6, 0, 31.76%, 0, 0, 16, 254.72, 3056990, 985, 0, 0
1975, 19, 900, 903, 6, 0, 31.76%, 0, 0, 16, 269.06, 3058350, 985, 0, 0
1980, 19, 900, 903, 6, 0, 31.76%, 0, 0, 16, 277.13, 3059790, 985, 0, 0
1985, 19, 307, 903, 5, 0, 31.76%, 0, 0, 16, 1571.58, 3067158, 985, 0, 0
1990, 19, 760, 903, 5, 0, 31.76%, 0, 0, 16, 1542.48, 3075095, 985, 0, 0
1996, 19, 902, 903, 5, 0, 31.76%, 0, 0, 16, 77.72, 3075912, 985, 0, 0
2001, 19, 902, 904, 6, 0, 31.76%, 0, 0, 17, 600.56, 3078321, 985, 0, 0
2006, 19, 902, 904, 5, 0, 31.76%, 0, 0, 17, 720.11, 3081610, 985, 0, 0
2011, 19, 639, 904, 5, 0, 31.76%, 0, 0, 17, 828.90, 3085268, 985, 0, 0
2016, 19, 903, 904, 5, 0, 31.76%, 0, 0, 17, 80.86, 3087772, 985, 0, 0
2021, 19, 903, 904, 5, 0, 31.76%, 0, 0, 17, 471.36, 3089127, 985, 0, 0
2026, 19, 236, 904, 4, 0, 31.76%, 0, 0, 17, 1746.19, 3092337, 985, 0, 0
2031, 19, 901, 904, 4, 0, 31.76%, 0, 0, 17, 87.99, 3096073, 985, 0, 0
2036, 19, 901, 904, 4, 0, 31.76%, 0, 0, 17, 605.79, 3098499, 985, 0, 0
2042, 19, 896, 904, 3, 0, 31.76%, 0, 0, 17, 1197.34, 3104486, 985, 0, 0
2047, 19, 569, 904, 3, 0, 31.76%, 0, 0, 17, 1429.39, 3111812, 985, 0, 0
2052, 19, 484, 904, 3, 0, 31.76%, 0, 0, 17, 1516.06, 3119692, 985, 0, 0
2057, 19, 116, 904, 3, 0, 31.76%, 0, 0, 17, 1569.43, 3127618, 985, 0, 0
2062, 19, 902, 904, 3, 0, 31.76%, 0, 0, 17, 235.79, 3132936, 985, 0, 0
2067, 19, 721, 904, 3, 0, 31.76%, 0, 0, 17, 1700.06, 3139535, 985, 0, 0
2072, 19, 204, 904, 3, 0, 31.76%, 0, 0, 17, 1630.25, 3147807, 985, 0, 0
2077, 19, 904, 907, 6, 1, 31.89%, 0, 0, 17, 1606.23, 3156014, 989, 0, 0
2082, 19, 524, 907, 3, 0, 31.89%, 0, 0, 17, 1525.24, 3163826, 989, 0, 0
2087, 19, 718, 908, 3, 0, 31.89%, 0, 0, 17, 1483.31, 3171505, 989, 0, 0
2092, 20, 720, 909, 2, 0, 31.89%, 0, 0, 17, 1607.49, 3179705, 989, 0, 0
2098, 20, 906, 914, 7, 0, 32.02%, 0, 0, 17, 1703.91, 3188609, 993, 0, 0
2103, 20, 913, 914, 6, 0, 32.02%, 0, 0, 17, 1628.65, 3197138, 993, 0, 0
2108, 20, 713, 914, 5, 0, 32.02%, 0, 0, 17, 1664.37, 3206013, 993, 0, 0
2113, 20, 716, 914, 5, 0, 32.02%, 0, 0, 17, 1539.96, 3213962, 993, 0, 0
2118, 20, 38, 915, 6, 0, 32.02%, 0, 0, 17, 1616.28, 3222119, 993, 0, 0
2124, 20, 672, 915, 5, 0, 32.02%, 0, 0, 17, 1593.25, 3230265, 993, 0, 0
2129, 20, 895, 916, 6, 0, 32.02%, 0, 0, 17, 1088.14, 3236609, 993, 0, 0
2134, 20, 639, 916, 4, 0, 32.02%, 0, 0, 17, 1382.65, 3244043, 993, 0, 0
2139, 20, 175, 916, 4, 0, 32.02%, 0, 0, 17, 1361.25, 3250866, 993, 0, 0
2144, 20, 903, 917, 4, 0, 32.05%, 0, 0, 17, 238.74, 3257745, 994, 0, 0
2149, 20, 279, 919, 5, 0, 32.09%, 0, 0, 17, 1680.56, 3265625, 995, 0, 0
2154, 20, 789, 920, 6, 0, 32.09%, 0, 0, 17, 1550.16, 3273456, 995, 0, 0
2160, 20, 244, 921, 6, 0, 32.12%, 0, 0, 17, 1630.58, 3281682, 996, 0, 0
2165, 20, 920, 921, 4, 0, 32.12%, 0, 0, 17, 1573.03, 3289602, 996, 0, 0
2170, 20, 705, 921, 4, 0, 32.12%, 0, 0, 17, 1571.47, 3297716, 996, 0, 0
2175, 20, 621, 921, 3, 0, 32.12%, 0, 0, 17, 1562.30, 3305357, 996, 0, 0
2180, 20, 909, 921, 3, 0, 32.12%, 0, 0, 17, 1607.33, 3313645, 996, 0, 0
2185, 20, 624, 921, 2, 0, 32.12%, 0, 0, 17, 1634.10, 3322209, 996, 0, 0
2190, 20, 776, 922, 3, 0, 32.12%, 0, 0, 17, 1104.15, 3329728, 996, 0, 0
2195, 20, 916, 923, 4, 0, 32.12%, 0, 0, 17, 1532.81, 3338013, 996, 0, 0
2200, 20, 93, 923, 3, 0, 32.12%, 0, 0, 17, 1652.21, 3346664, 996, 0, 0
2205, 20, 53, 923, 3, 0, 32.12%, 0, 0, 17, 1673.83, 3355138, 996, 0, 0
2211, 20, 907, 923, 3, 0, 32.12%, 0, 0, 17, 1624.14, 3363065, 996, 0, 0
2216, 21, 558, 923, 3, 0, 32.12%, 0, 0, 17, 1603.98, 3371356, 996, 0, 0
2221, 21, 921, 923, 3, 0, 32.12%, 0, 0, 17, 1545.96, 3378604, 996, 0, 0
2226, 21, 906, 923, 2, 0, 32.12%, 0, 0, 17, 1562.26, 3386575, 996, 0, 0
2231, 21, 238, 923, 2, 0, 32.12%, 0, 0, 17, 1689.86, 3395245, 996, 0, 0
2236, 21, 391, 923, 2, 0, 32.12%, 0, 0, 17, 1729.11, 3403920, 996, 0, 0
2241, 21, 622, 923, 2, 0, 32.12%, 0, 0, 17, 1289.31, 3410991, 996, 0, 0
2246, 21, 344, 923, 2, 0, 32.12%, 0, 0, 17, 1566.98, 3419197, 996, 0, 0
2251, 21, 9, 923, 2, 0, 32.12%, 0, 0, 17, 1625.99, 3427647, 996, 0, 0
2256, 21, 188, 923, 2, 0, 32.12%, 0, 0, 17, 1661.41, 3436071, 996, 0, 0
2261, 21, 817, 924, 2, 0, 32.15%, 0, 0, 17, 1645.89, 3444424, 997, 0, 0
2268, 21, 774, 924, 2, 0, 32.15%, 0, 0, 17, 1599.61, 3453260, 997, 0, 0
2273, 21, 238, 924, 2, 0, 32.15%, 0, 0, 17, 1674.75, 3461743, 997, 0, 0
2278, 21, 765, 924, 2, 0, 32.15%, 0, 0, 17, 1638.14, 3469967, 997, 0, 0
2283, 21, 729, 924, 2, 0, 32.15%, 0, 0, 17, 1537.28, 3477259, 997, 0, 0
2288, 21, 487, 924, 2, 0, 32.15%, 0, 0, 17, 1485.95, 3484526, 997, 0, 0
2293, 21, 465, 924, 2, 0, 32.15%, 0, 0, 17, 1549.47, 3492694, 997, 0, 0
2298, 21, 633, 924, 2, 0, 32.15%, 0, 0, 17, 1657.24, 3501072, 997, 0, 0
2303, 21, 8, 924, 2, 0, 32.15%, 0, 0, 17, 1617.69, 3509002, 997, 0, 0
2308, 21, 831, 926, 4, 0, 32.15%, 0, 0, 17, 1630.53, 3517561, 997, 0, 0
2314, 21, 873, 926, 4, 0, 32.15%, 0, 0, 17, 1619.33, 3525595, 997, 0, 0
2319, 22, 636, 927, 3, 0, 32.18%, 0, 0, 17, 1617.38, 3534003, 998, 0, 0
2324, 22, 468, 927, 3, 0, 32.18%, 0, 0, 17, 1628.41, 3541992, 998, 0, 0
2329, 22, 920, 928, 4, 0, 32.18%, 0, 0, 17, 1696.64, 3550937, 998, 0, 0
2334, 22, 744, 928, 4, 0, 32.18%, 0, 0, 17, 1627.33, 3559056, 998, 0, 0
2339, 22, 333, 928, 4, 0, 32.18%, 0, 0, 17, 1558.93, 3566741, 998, 0, 0
2344, 22, 918, 928, 4, 0, 32.18%, 0, 0, 17, 1634.08, 3575272, 998, 0, 0
2349, 22, 925, 931, 7, 0, 32.18%, 0, 0, 17, 1296.39, 3580782, 998, 0, 0
2355, 22, 705, 931, 6, 0, 32.18%, 0, 0, 17, 1514.65, 3589030, 998, 0, 0
2360, 22, 616, 931, 6, 0, 32.18%, 0, 0, 17, 1620.25, 3598178, 998, 0, 0
2366, 22, 507, 931, 6, 0, 32.18%, 0, 0, 17, 1630.91, 3607564, 998, 0, 0
2371, 22, 810, 931, 6, 0, 32.18%, 0, 0, 17, 1613.04, 3615513, 998, 0, 0
2377, 22, 754, 931, 6, 0, 32.18%, 0, 0, 17, 1647.57, 3624022, 998, 0, 0
2382, 22, 720, 931, 6, 0, 32.18%, 0, 0, 17, 1623.98, 3632218, 998, 0, 0
2387, 22, 125, 931, 6, 0, 32.18%, 0, 0, 17, 1640.91, 3640563, 998, 0, 0
2392, 22, 929, 931, 5, 0, 32.18%, 0, 0, 17, 1533.33, 3646185, 998, 0, 0
2397, 22, 930, 931, 4, 0, 32.18%, 0, 0, 17, 41.60, 3652551, 998, 0, 0
2403, 22, 815, 931, 3, 0, 32.18%, 0, 0, 17, 1566.12, 3660217, 998, 0, 0
2408, 22, 188, 931, 3, 0, 32.18%, 0, 0, 17, 1615.76, 3668325, 998, 0, 0
2413, 22, 229, 931, 3, 0, 32.18%, 0, 0, 17, 1670.05, 3676867, 998, 0, 0
2418, 22, 189, 931, 3, 0, 32.18%, 0, 0, 17, 1679.93, 3685655, 998, 0, 0
2423, 22, 228, 931, 3, 0, 32.18%, 0, 0, 17, 1664.86, 3693930, 998, 0, 0
2428, 22, 336, 931, 3, 0, 32.18%, 0, 0, 17, 1632.04, 3701843, 998, 0, 0
2433, 22, 468, 931, 3, 0, 32.18%, 0, 0, 17, 1520.01, 3709364, 998, 0, 0
2438, 23, 279, 933, 4, 0, 32.22%, 0, 0, 17, 1532.34, 3717311, 999, 0, 0
2443, 23, 279, 933, 4, 0, 32.22%, 0, 0, 17, 1653.61, 3725764, 999, 0, 0
2448, 23, 671, 933, 4, 0, 32.22%, 0, 0, 17, 1696.74, 3734189, 999, 0, 0
2453, 23, 342, 933, 4, 0, 32.22%, 0, 0, 17, 1649.80, 3742201, 999, 0, 0
2459, 23, 810, 933, 4, 0, 32.22%, 0, 0, 17, 1626.88, 3750347, 999, 0, 0
2464, 23, 110, 934, 4, 0, 32.22%, 0, 0, 17, 1616.23, 3758591, 999, 0, 0
2469, 23, 808, 934, 4, 0, 32.22%, 0, 0, 17, 1606.38, 3766454, 999, 0, 0
2474, 23, 108, 934, 4, 0, 32.22%, 0, 0, 17, 1660.32, 3774733, 999, 0, 0
2479, 23, 752, 934, 4, 0, 32.22%, 0, 0, 17, 1648.64, 3782733, 999, 0, 0
2484, 23, 912, 934, 4, 0, 32.22%, 0, 0, 17, 1667.28, 3791455, 999, 0, 0
2489, 23, 123, 934, 4, 0, 32.22%, 0, 0, 17, 1640.83, 3799477, 999, 0, 0
2494, 23, 933, 934, 4, 0, 32.22%, 0, 0, 17, 1610.54, 3807680, 999, 0, 0
2499, 23, 516, 936, 4, 0, 32.22%, 0, 0, 17, 1589.46, 3815899, 999, 0, 0
2505, 23, 333, 937, 5, 0, 32.22%, 0, 0, 17, 1581.07, 3823728, 999, 0, 0
2510, 23, 333, 937, 5, 0, 32.22%, 0, 0, 17, 1686.12, 3832169, 999, 0, 0
2515, 23, 84, 937, 5, 0, 32.22%, 0, 0, 17, 1597.23, 3840251, 999, 0, 0
2520, 23, 279, 937, 5, 0, 32.22%, 0, 0, 17, 1623.84, 3847999, 999, 0, 0
2525, 23, 524, 938, 5, 0, 32.31%, 0, 0, 17, 1568.22, 3856000, 1002, 0, 0
2530, 23, 596, 938, 5, 0, 32.31%, 0, 0, 17, 1719.61, 3862547, 1002, 0, 0
2535, 23, 159, 938, 5, 0, 32.31%, 0, 0, 17, 1703.87, 3871024, 1002, 0, 0
2540, 23, 588, 939, 3, 0, 32.34%, 0, 0, 17, 1582.18, 3879004, 1003, 0, 0
2545, 23, 931, 940, 3, 0, 32.38%, 0, 0, 17, 1673.61, 3887774, 1004, 0, 0
2550, 24, 637, 940, 3, 0, 32.38%, 0, 0, 17, 1627.54, 3895620, 1004, 0, 0
2556, 24, 806, 940, 3, 0, 32.38%, 0, 0, 17, 1648.39, 3904097, 1004, 0, 0
2561, 24, 78, 940, 3, 0, 32.38%, 0, 0, 17, 1612.51, 3912215, 1004, 0, 0
2566, 24, 776, 941, 4, 0, 32.38%, 0, 0, 17, 1678.15, 3920763, 1004, 0, 0
2571, 24, 853, 941, 4, 0, 32.38%, 0, 0, 17, 1581.84, 3928751, 1004, 0, 0
2576, 24, 943, 944, 5, 1, 32.47%, 0, 0, 17, 1692.10, 3937537, 1007, 0, 0
2581, 24, 614, 944, 4, 0, 32.47%, 0, 0, 17, 1545.22, 3945163, 1007, 0, 0
2586, 24, 633, 945, 4, 0, 32.47%, 0, 0, 17, 1555.85, 3952839, 1007, 0, 0
2591, 24, 746, 945, 4, 0, 32.47%, 0, 0, 17, 1619.77, 3961184, 1007, 0, 0
2597, 24, 125, 946, 3, 0, 32.47%, 0, 0, 17, 1689.13, 3970007, 1007, 0, 0
2602, 24, 468, 946, 3, 0, 32.47%, 0, 0, 17, 1733.72, 3978692, 1007, 0, 0
2607, 24, 927, 950, 7, 0, 32.47%, 0, 0, 17, 1660.80, 3987123, 1007, 0, 0
2612, 24, 837, 951, 6, 0, 32.47%, 0, 0, 17, 1610.22, 3995180, 1007, 0, 0
2617, 24, 468, 951, 6, 0, 32.47%, 0, 0, 17, 1563.54, 4002922, 1007, 0, 0
2622, 24, 885, 951, 6, 0, 32.47%, 0, 0, 17, 1636.88, 4011150, 1007, 0, 0
2627, 24, 91, 951, 6, 0, 32.47%, 0, 0, 17, 1635.68, 4019426, 1007, 0, 0
2632, 24, 918, 951, 6, 0, 32.47%, 0, 0, 17, 1447.47, 4026459, 1007, 0, 0
2637, 24, 878, 951, 6, 0, 32.47%, 0, 0, 17, 1600.60, 4034750, 1007, 0, 0
2642, 24, 944, 951, 6, 0, 32.47%, 0, 0, 17, 1571.13, 4042602, 1007, 0, 0
2648, 24, 884, 951, 6, 0, 32.47%, 0, 0, 17, 1571.98, 4050316, 1007, 0, 0
2653, 24, 780, 952, 7, 0, 32.47%, 0, 0, 17, 1593.71, 4059421, 1007, 0, 0
2658, 24, 236, 953, 8, 0, 32.47%, 0, 0, 17, 1577.20, 4067511, 1007, 0, 0
2663, 24, 873, 953, 8, 0, 32.47%, 0, 0, 17, 1631.76, 4075838, 1007, 0, 0
2669, 25, 249, 953, 8, 0, 32.47%, 0, 0, 17, 1638.46, 4084184, 1007, 0, 0
2674, 25, 941, 953, 8, 0, 32.47%, 0, 0, 17, 1590.35, 4092174, 1007, 0, 0
2679, 25, 198, 954, 8, 0, 32.47%, 0, 0, 17, 1505.08, 4099974, 1007, 0, 0
2684, 25, 243, 954, 8, 0, 32.47%, 0, 0, 17, 1580.30, 4108131, 1007, 0, 0
2689, 25, 747, 954, 8, 0, 32.47%, 0, 0, 17, 1546.80, 4115689, 1007, 0, 0
2694, 25, 470, 954, 7, 0, 32.47%, 0, 0, 17, 1504.03, 4123425, 1007, 0, 0
2699, 25, 658, 954, 7, 0, 32.47%, 0, 0, 17, 1574.38, 4131314, 1007, 0, 0
2704, 25, 944, 954, 7, 0, 32.47%, 0, 0, 17, 1552.53, 4139209, 1007, 0, 0
2710, 25, 949, 955, 7, 0, 32.47%, 0, 0, 17, 1452.16, 4145778, 1007, 0, 0
2715, 25, 132, 956, 7, 0, 32.47%, 0, 0, 17, 1520.17, 4153743, 1007, 0, 0
2720, 25, 718, 956, 6, 0, 32.47%, 0, 0, 17, 1589.49, 4161799, 1007, 0, 0
2725, 25, 831, 956, 6, 0, 32.47%, 0, 0, 17, 1672.54, 4170383, 1007, 0, 0
2730, 25, 209, 956, 6, 0, 32.47%, 0, 0, 17, 1617.12, 4178339, 1007, 0, 0
2735, 25, 946, 956, 6, 0, 32.47%, 0, 0, 17, 1611.00, 4186655, 1007, 0, 0
2740, 25, 77, 957, 6, 0, 32.47%, 0, 0, 17, 1682.42, 4195511, 1007, 0, 0
2746, 25, 249, 957, 6, 0, 32.47%, 0, 0, 17, 1759.46, 4203522, 1007, 0, 0
2751, 25, 397, 957, 6, 0, 32.47%, 0, 0, 17, 1700.45, 4211703, 1007, 0, 0
2756, 25, 459, 957, 6, 0, 32.47%, 0, 0, 17, 1621.85, 4219701, 1007, 0, 0
2761, 25, 808, 957, 6, 0, 32.47%, 0, 0, 17, 1512.82, 4227297, 1007, 0, 0
2766, 25, 916, 957, 6, 0, 32.47%, 0, 0, 17, 1510.87, 4234959, 1007, 0, 0
2771, 25, 244, 957, 6, 0, 32.47%, 0, 0, 17, 1475.71, 4242564, 1007, 0, 0
2777, 25, 555, 957, 6, 0, 32.47%, 0, 0, 17, 1482.35, 4251352, 1007, 0, 0
2782, 25, 937, 957, 6, 0, 32.47%, 0, 0, 17, 1570.56, 4259074, 1007, 0, 0
2787, 26, 694, 957, 6, 0, 32.47%, 0, 0, 17, 1560.59, 4267193, 1007, 0, 0
2792, 26, 937, 957, 6, 0, 32.47%, 0, 0, 17, 1372.82, 4274111, 1007, 0, 0
2797, 26, 421, 957, 6, 0, 32.47%, 0, 0, 17, 1555.00, 4282224, 1007, 0, 0
2802, 26, 938, 957, 6, 0, 32.47%, 0, 0, 17, 1561.59, 4290184, 1007, 0, 0
2807, 26, 421, 957, 6, 0, 32.47%, 0, 0, 17, 1254.46, 4296997, 1007, 0, 0
2812, 26, 108, 957, 6, 0, 32.47%, 0, 0, 17, 1504.96, 4305071, 1007, 0, 0
2818, 26, 668, 957, 6, 0, 32.47%, 0, 0, 17, 1519.80, 4312590, 1007, 0, 0
2823, 26, 943, 958, 7, 0, 32.47%, 0, 0, 17, 1546.80, 4320452, 1007, 0, 0
2828, 26, 786, 958, 7, 0, 32.47%, 0, 0, 17, 1344.88, 4328376, 1007, 0, 0
2834, 26, 730, 958, 7, 0, 32.47%, 0, 0, 17, 1573.76, 4337972, 1007, 0, 0
2839, 26, 588, 958, 7, 0, 32.47%, 0, 0, 17, 1633.77, 4346239, 1007, 0, 0
2844, 26, 111, 958, 6, 0, 32.47%, 0, 0, 17, 1619.61, 4354576, 1007, 0, 0
2849, 26, 236, 960, 6, 0, 32.47%, 0, 0, 17, 1545.36, 4362123, 1007, 0, 0
2854, 26, 210, 960, 6, 0, 32.47%, 0, 0, 17, 1395.15, 4369451, 1007, 0, 0
2859, 26, 639, 960, 6, 0, 32.47%, 0, 0, 17, 1563.29, 4377526, 1007, 0, 0
2865, 26, 817, 960, 6, 0, 32.47%, 0, 0, 17, 1660.84, 4386364, 1007, 0, 0
2870, 26, 279, 961, 6, 0, 32.51%, 0, 0, 17, 1248.62, 4393573, 1008, 0, 0
2875, 26, 907, 961, 6, 0, 32.51%, 0, 0, 17, 1526.68, 4401762, 1008, 0, 0
2880, 26, 752, 961, 6, 0, 32.51%, 0, 0, 17, 1560.33, 4409621, 1008, 0, 0
2885, 26, 278, 961, 6, 0, 32.51%, 0, 0, 17, 1453.17, 4416867, 1008, 0, 0
2890, 26, 189, 961, 6, 0, 32.51%, 0, 0, 17, 1538.26, 4424856, 1008, 0, 0
2895, 26, 474, 961, 6, 0, 32.51%, 0, 0, 17, 1642.04, 4433269, 1008, 0, 0
2900, 27, 165, 962, 6, 0, 32.51%, 0, 0, 17, 1592.39, 4440645, 1008, 0, 0
2905, 27, 53, 962, 6, 0, 32.51%, 0, 0, 17, 1616.20, 4448672, 1008, 0, 0
2910, 27, 914, 962, 6, 0, 32.51%, 0, 0, 17, 1533.69, 4456727, 1008, 0, 0
2916, 27, 959, 962, 5, 0, 32.51%, 0, 0, 17, 1465.01, 4464237, 1008, 0, 0
2921, 27, 882, 962, 3, 0, 32.51%, 0, 0, 17, 1516.53, 4472217, 1008, 0, 0
2926, 27, 73, 962, 3, 0, 32.51%, 0, 0, 17, 1571.80, 4480404, 1008, 0, 0
2931, 27, 628, 962, 3, 0, 32.51%, 0, 0, 17, 1626.17, 4488644, 1008, 0, 0
2936, 27, 624, 962, 3, 0, 32.51%, 0, 0, 17, 1500.19, 4496260, 1008, 0, 0
2941, 27, 695, 962, 3, 0, 32.51%, 0, 0, 17, 1614.08, 4504425, 1008, 0, 0
2946, 27, 77, 962, 3, 0, 32.51%, 0, 0, 17, 1641.93, 4512622, 1008, 0, 0
2951, 27, 188, 962, 3, 0, 32.51%, 0, 0, 17, 1558.62, 4520328, 1008, 0, 0
2957, 27, 714, 962, 3, 0, 32.51%, 0, 0, 17, 1576.18, 4528382, 1008, 0, 0
2962, 27, 144, 962, 2, 0, 32.51%, 0, 0, 17, 1694.91, 4537166, 1008, 0, 0
2967, 27, 631, 962, 2, 0, 32.51%, 0, 0, 17, 1688.45, 4545631, 1008, 0, 0
2972, 27, 758, 962, 2, 0, 32.51%, 0, 0, 17, 1776.67, 4553139, 1008, 0, 0
2977, 27, 907, 963, 3, 0, 32.51%, 0, 0, 17, 1621.04, 4561151, 1008, 0, 0
2982, 27, 47, 963, 3, 0, 32.51%, 0, 0, 17, 1643.56, 4569485, 1008, 0, 0
2987, 27, 282, 963, 3, 0, 32.51%, 0, 0, 17, 1634.74, 4577550, 1008, 0, 0
2992, 27, 621, 963, 3, 0, 32.51%, 0, 0, 17, 1602.25, 4585947, 1008, 0, 0
2997, 27, 718, 963, 3, 0, 32.51%, 0, 0, 17, 1610.35, 4593823, 1008, 0, 0
3002, 27, 778, 963, 3, 0, 32.51%, 0, 0, 17, 1544.17, 4601427, 1008, 0, 0
3007, 28, 746, 963, 2, 0, 32.51%, 0, 0, 17, 1511.03, 4608955, 1008, 0, 0
3013, 28, 935, 963, 2, 0, 32.51%, 0, 0, 17, 1384.22, 4616414, 1008, 0, 0
3018, 28, 791, 963, 2, 0, 32.51%, 0, 0, 17, 1629.10, 4625174, 1008, 0, 0
3023, 28, 621, 963, 2, 0, 32.51%, 0, 0, 17, 1663.57, 4633331, 1008, 0, 0
3028, 28, 926, 964, 3, 0, 32.51%, 0, 0, 17, 1640.26, 4641688, 1008, 0, 0
3033, 28, 808, 964, 3, 0, 32.51%, 0, 0, 17, 1503.29, 4649100, 1008, 0, 0
3038, 28, 752, 964, 3, 0, 32.51%, 0, 0, 17, 1641.41, 4657617, 1008, 0, 0
3043, 28, 963, 965, 4, 0, 32.51%, 0, 0, 17, 1599.02, 4665926, 1008, 0, 0
3048, 28, 694, 965, 3, 0, 32.51%, 0, 0, 17, 1656.00, 4674249, 1008, 0, 0
3053, 28, 588, 965, 3, 0, 32.51%, 0, 0, 17, 1685.14, 4682789, 1008, 0, 0
3059, 28, 532, 965, 3, 0, 32.51%, 0, 0, 17, 1629.39, 4691336, 1008, 0, 0
3064, 28, 215, 965, 3, 0, 32.51%, 0, 0, 17, 978.87, 4698805, 1008, 0, 0
3069, 28, 853, 965, 3, 0, 32.51%, 0, 0, 17, 1446.25, 4706552, 1008, 0, 0
3074, 28, 241, 965, 3, 0, 32.51%, 0, 0, 17, 1548.66, 4714336, 1008, 0, 0
3079, 28, 933, 965, 3, 0, 32.51%, 0, 0, 17, 1624.22, 4722560, 1008, 0, 0
3084, 28, 51, 965, 3, 0, 32.51%, 0, 0, 17, 1569.08, 4730427, 1008, 0, 0
3089, 28, 817, 965, 3, 0, 32.51%, 0, 0, 17, 1627.68, 4738686, 1008, 0, 0
3094, 28, 941, 965, 3, 0, 32.51%, 0, 0, 17, 1388.82, 4745900, 1008, 0, 0
3099, 28, 960, 965, 2, 0, 32.51%, 0, 0, 17, 1564.31, 4754245, 1008, 0, 0
3104, 28, 129, 965, 2, 0, 32.51%, 0, 0, 17, 1498.41, 4761413, 1008, 0, 0
3109, 28, 966, 967, 3, 0, 32.51%, 0, 0, 17, 1519.00, 4769230, 1008, 0, 0
3115, 29, 893, 967, 2, 0, 32.51%, 0, 0, 17, 1585.51, 4777344, 1008, 0, 0
3120, 29, 965, 967, 2, 0, 32.51%, 0, 0, 17, 1624.88, 4785640, 1008, 0, 0
3125, 29, 910, 967, 1, 0, 32.51%, 0, 0, 17, 1572.97, 4793414, 1008, 0, 0
3130, 29, 694, 967, 1, 0, 32.51%, 0, 0, 17, 1652.33, 4801873, 1008, 0, 0
3135, 29, 107, 967, 1, 0, 32.51%, 0, 0, 17, 1555.38, 4809212, 1008, 0, 0
3140, 29, 884, 967, 1, 0, 32.51%, 0, 0, 17, 1577.20, 4817367, 1008, 0, 0
3145, 29, 177, 967, 1, 0, 32.51%, 0, 0, 17, 1599.36, 4825204, 1008, 0, 0
3150, 29, 279, 967, 1, 0, 32.51%, 0, 0, 17, 1618.54, 4833428, 1008, 0, 0
3155, 29, 596, 967, 0, 0, 32.51%, 0, 0, 17, 1557.22, 4840632, 1008, 0, 0
3160, 29, 769, 967, 0, 0, 32.51%, 0, 0, 17, 1533.77, 4848556, 1008, 0, 0
3165, 29, 596, 967, 0, 0, 32.51%, 0, 0, 17, 1404.07, 4855975, 1008, 0, 0
3170, 29, 960, 967, 0, 0, 32.51%, 0, 0, 17, 1576.82, 4864119, 1008, 0, 0
3176, 29, 444, 967, 0, 0, 32.51%, 0, 0, 17, 1613.06, 4872288, 1008, 0, 0
3181, 29, 77, 967, 0, 0, 32.51%, 0, 0, 17, 1328.67, 4878466, 1008, 0, 0
3186, 29, 66, 967, 0, 0, 32.51%, 0, 0, 17, 1509.96, 4886485, 1008, 0, 0
3191, 29, 964, 967, 0, 0, 32.51%, 0, 0, 17, 1478.49, 4892981, 1008, 0, 0
3196, 29, 857, 968, 1, 0, 32.51%, 0, 0, 17, 1565.55, 4900951, 1008, 0, 0
3201, 29, 495, 968, 1, 0, 32.51%, 0, 0, 17, 1533.23, 4908967, 1008, 0, 0
3206, 29, 226, 968, 1, 0, 32.51%, 0, 0, 17, 1616.70, 4917394, 1008, 0, 0
3211, 29, 720, 968, 1, 0, 32.51%, 0, 0, 17, 1586.73, 4925386, 1008, 0, 0
3216, 29, 857, 968, 1, 0, 32.51%, 0, 0, 17, 1548.97, 4933310, 1008, 0, 0
3221, 29, 694, 968, 1, 0, 32.51%, 0, 0, 17, 1569.31, 4941387, 1008, 0, 0
3226, 30, 831, 968, 1, 0, 32.51%, 0, 0, 17, 1571.80, 4949286, 1008, 0, 0
3231, 30, 423, 968, 1, 0, 32.51%, 0, 0, 17, 1613.36, 4957484, 1008, 0, 0
3236, 30, 882, 968, 0, 0, 32.51%, 0, 0, 17, 1507.52, 4965261, 1008, 0, 0
3242, 30, 228, 968, 0, 0, 32.51%, 0, 0, 17, 1558.42, 4973396, 1008, 0, 0
3247, 30, 906, 968, 0, 0, 32.51%, 0, 0, 17, 1615.76, 4981798, 1008, 0, 0
3252, 30, 911, 968, 0, 0, 32.51%, 0, 0, 17, 1616.40, 4990045, 1008, 0, 0
3257, 30, 776, 968, 0, 0, 32.51%, 0, 0, 17, 1610.45, 4997773, 1008, 0, 0
3262, 30, 288, 969, 1, 0, 32.51%, 0, 0, 17, 1579.69, 5005640, 1008, 0, 0
3267, 30, 872, 969, 1, 0, 32.51%, 0, 0, 17, 1544.39, 5013455, 1008, 0, 0
3272, 30, 624, 969, 1, 0, 32.51%, 0, 0, 17, 1437.82, 5020949, 1008, 0, 0
3277, 30, 776, 969, 1, 0, 32.51%, 0, 0, 17, 1624.58, 5029223, 1008, 0, 0
3283, 30, 517, 969, 1, 0, 32.51%, 0, 0, 17, 1578.20, 5038167, 1008, 0, 0
3288, 30, 907, 969, 1, 0, 32.51%, 0, 0, 17, 1634.94, 5046340, 1008, 0, 0
3293, 30, 338, 969, 1, 0, 32.51%, 0, 0, 17, 1707.32, 5054998, 1008, 0, 0
3298, 30, 808, 970, 2, 0, 32.51%, 0, 0, 17, 1491.38, 5062271, 1008, 0, 0
3303, 30, 884, 970, 2, 0, 32.51%, 0, 0, 17, 1601.04, 5070697, 1008, 0, 0
3308, 30, 629, 970, 2, 0, 32.51%, 0, 0, 17, 1472.88, 5078369, 1008, 0, 0
3313, 30, 284, 970, 2, 0, 32.51%, 0, 0, 17, 1472.28, 5085321, 1008, 0, 0
3319, 30, 101, 970, 2, 0, 32.51%, 0, 0, 17, 1629.35, 5091569, 1008, 0, 0
3324, 30, 463, 970, 2, 0, 32.51%, 0, 0, 17, 1596.48, 5099679, 1008, 0, 0
3329, 30, 249, 970, 2, 0, 32.51%, 0, 0, 17, 1623.54, 5108068, 1008, 0, 0
3334, 31, 969, 970, 2, 0, 32.51%, 0, 0, 17, 1304.72, 5114839, 1008, 0, 0
3339, 31, 968, 970, 1, 0, 32.51%, 0, 0, 17, 1225.89, 5120581, 1008, 0, 0
3344, 31, 226, 970, 0, 0, 32.51%, 0, 0, 17, 1506.72, 5128763, 1008, 0, 0
3349, 31, 720, 970, 0, 0, 32.51%, 0, 0, 17, 1598.83, 5136785, 1008, 0, 0
3354, 31, 633, 970, 0, 0, 32.51%, 0, 0, 17, 1613.16, 5144987, 1008, 0, 0
3360, 31, 8, 970, 0, 0, 32.51%, 0, 0, 17, 1622.81, 5153312, 1008, 0, 0
3365, 31, 85, 970, 0, 0, 32.51%, 0, 0, 17, 1636.24, 5161694, 1008, 0, 0
3370, 31, 938, 972, 2, 0, 32.51%, 0, 0, 17, 1578.72, 5169700, 1008, 0, 0
3375, 31, 786, 972, 2, 0, 32.51%, 0, 0, 17, 1603.86, 5177991, 1008, 0, 0
3380, 31, 694, 972, 2, 0, 32.51%, 0, 0, 17, 1641.83, 5186468, 1008, 0, 0
3385, 31, 622, 972, 2, 0, 32.51%, 0, 0, 17, 1604.98, 5194401, 1008, 0, 0
3390, 31, 970, 973, 3, 0, 32.51%, 0, 0, 17, 872.20, 5197856, 1008, 0, 0
3395, 31, 444, 973, 2, 0, 32.51%, 0, 0, 17, 1221.00, 5203059, 1008, 0, 0
3401, 31, 885, 973, 1, 0, 32.51%, 0, 0, 17, 1530.25, 5211281, 1008, 0, 0
3406, 31, 155, 973, 1, 0, 32.51%, 0, 0, 17, 1634.26, 5219683, 1008, 0, 0
3411, 31, 53, 973, 1, 0, 32.51%, 0, 0, 17, 1519.26, 5227242, 1008, 0, 0
3416, 31, 637, 973, 1, 0, 32.51%, 0, 0, 17, 1464.04, 5234576, 1008, 0, 0
3421, 31, 808, 973, 1, 0, 32.51%, 0, 0, 17, 1518.83, 5242472, 1008, 0, 0
3426, 31, 168, 973, 1, 0, 32.51%, 0, 0, 17, 1531.01, 5250278, 1008, 0, 0
3431, 31, 768, 973, 1, 0, 32.51%, 0, 0, 17, 1523.77, 5257683, 1008, 0, 0
3436, 31, 621, 973, 1, 0, 32.51%, 0, 0, 17, 1505.13, 5265347, 1008, 0, 0
3441, 31, 694, 973, 1, 0, 32.51%, 0, 0, 17, 1556.52, 5273379, 1008, 0, 0
3447, 31, 972, 973, 1, 0, 32.51%, 0, 0, 17, 952.61, 5276951, 1008, 0, 0
3452, 31, 239, 973, 0, 0, 32.51%, 0, 0, 17, 1326.85, 5283542, 1008, 0, 0
3457, 32, 59, 973, 0, 0, 32.51%, 0, 0, 17, 1418.58, 5290869, 1008, 0, 0
3462, 32, 694, 973, 0, 0, 32.51%, 0, 0, 17, 1421.77, 5298112, 1008, 0, 0
3467, 32, 960, 973, 0, 0, 32.51%, 0, 0, 17, 1460.49, 5305580, 1008, 0, 0
3472, 32, 208, 973, 0, 0, 32.51%, 0, 0, 17, 1327.02, 5311848, 1008, 0, 0
3478, 32, 338, 973, 0, 0, 32.51%, 0, 0, 17, 1530.02, 5319651, 1008, 0, 0
3483, 32, 225, 974, 1, 0, 32.51%, 0, 0, 17, 1526.72, 5327573, 1008, 0, 0
3488, 32, 808, 975, 2, 0, 32.51%, 0, 0, 17, 1518.44, 5334907, 1008, 0, 0
3493, 32, 284, 975, 2, 0, 32.51%, 0, 0, 17, 1534.52, 5342872, 1008, 0, 0
3498, 32, 936, 976, 3, 0, 32.51%, 0, 0, 17, 1520.52, 5350538, 1008, 0, 0
3503, 32, 596, 976, 3, 0, 32.51%, 0, 0, 17, 1626.00, 5359102, 1008, 0, 0
3508, 32, 974, 976, 2, 0, 32.51%, 0, 0, 17, 1605.08, 5367304, 1008, 0, 0
3513, 32, 974, 978, 4, 0, 32.51%, 0, 0, 17, 1239.02, 5372480, 1008, 0, 0
3518, 32, 279, 978, 3, 0, 32.51%, 0, 0, 17, 1317.20, 5379396, 1008, 0, 0
3524, 32, 976, 978, 3, 0, 32.51%, 0, 0, 17, 904.48, 5384690, 1008, 0, 0
3529, 32, 586, 978, 2, 0, 32.51%, 0, 0, 17, 862.84, 5388551, 1008, 0, 0
3534, 32, 228, 978, 2, 0, 32.51%, 0, 0, 17, 1341.00, 5395968, 1008, 0, 0
3539, 32, 721, 978, 2, 0, 32.51%, 0, 0, 17, 1487.02, 5403831, 1008, 0, 0
3545, 32, 977, 978, 2, 0, 32.51%, 0, 0, 17, 1279.80, 5411565, 1008, 0, 0
3551, 32, 110, 978, 1, 0, 32.51%, 0, 0, 17, 1502.03, 5419523, 1008, 0, 0
3556, 32, 345, 978, 1, 0, 32.51%, 0, 0, 17, 1462.40, 5426793, 1008, 0, 0
3561, 32, 624, 978, 1, 0, 32.51%, 0, 0, 17, 1621.20, 5435334, 1008, 0, 0
3566, 32, 333, 978, 0, 0, 32.51%, 0, 0, 17, 1540.15, 5442709, 1008, 0, 0
3571, 32, 307, 978, 0, 0, 32.51%, 0, 0, 17, 1625.21, 5450948, 1008, 0, 0
3576, 32, 683, 978, 0, 0, 32.51%, 0, 0, 17, 1601.45, 5458958, 1008, 0, 0
3581, 32, 639, 978, 0, 0, 32.51%, 0, 0, 17, 1515.47, 5466433, 1008, 0, 0
3586, 33, 413, 978, 0, 0, 32.51%, 0, 0, 17, 1492.41, 5474371, 1008, 0, 0
3591, 33, 808, 978, 0, 0, 32.51%, 0, 0, 17, 1559.41, 5482714, 1008, 0, 0
3597, 33, 754, 978, 0, 0, 32.51%, 0, 0, 17, 1606.42, 5490898, 1008, 0, 0
3602, 33, 223, 978, 0, 0, 32.51%, 0, 0, 17, 1564.01, 5498482, 1008, 0, 0
3607, 33, 423, 978, 0, 0, 32.51%, 0, 0, 17, 1563.06, 5506506, 1008, 0, 0
3612, 33, 827, 978, 0, 0, 32.51%, 0, 0, 17, 1427.89, 5514082, 1008, 0, 0
3617, 33, 776, 978, 0, 0, 32.51%, 0, 0, 17, 1430.36, 5521349, 1008, 0, 0
3622, 33, 694, 978, 0, 0, 32.51%, 0, 0, 17, 1523.54, 5528945, 1008, 0, 0
3627, 33, 718, 978, 0, 0, 32.51%, 0, 0, 17, 1576.47, 5536863, 1008, 0, 0
3632, 33, 942, 978, 0, 0, 32.51%, 0, 0, 17, 1366.87, 5543634, 1008, 0, 0
3637, 33, 244, 978, 0, 0, 32.51%, 0, 0, 17, 1537.65, 5551571, 1008, 0, 0
3642, 33, 108, 978, 0, 0, 32.51%, 0, 0, 17, 1525.30, 5559266, 1008, 0, 0
3647, 33, 444, 978, 0, 0, 32.51%, 0, 0, 17, 1497.51, 5565716, 1008, 0, 0
3653, 33, 747, 978, 0, 0, 32.51%, 0, 0, 17, 1601.80, 5574125, 1008, 0, 0
3658, 33, 817, 978, 0, 0, 32.51%, 0, 0, 17, 1615.60, 5582082, 1008, 0, 0
3663, 33, 391, 978, 0, 0, 32.51%, 0, 0, 17, 1551.94, 5589754, 1008, 0, 0
3668, 33, 391, 978, 0, 0, 32.51%, 0, 0, 17, 1533.56, 5597261, 1008, 0, 0
3673, 33, 391, 978, 0, 0, 32.51%, 0, 0, 17, 1575.40, 5605589, 1008, 0, 0
3678, 33, 569, 978, 0, 0, 32.51%, 0, 0, 17, 1659.89, 5613890, 1008, 0, 0
3683, 33, 569, 978, 0, 0, 32.51%, 0, 0, 17, 1654.21, 5621332, 1008, 0, 0
3688, 33, 38, 978, 0, 0, 32.51%, 0, 0, 17, 1517.23, 5628994, 1008, 0, 0
3693, 34, 884, 978, 0, 0, 32.51%, 0, 0, 17, 1591.13, 5637281, 1008, 0, 0
3698, 34, 786, 978, 0, 0, 32.51%, 0, 0, 17, 1620.10, 5645626, 1008, 0, 0
3703, 34, 264, 978, 0, 0, 32.51%, 0, 0, 17, 1566.92, 5653305, 1008, 0, 0
3709, 34, 163, 978, 0, 0, 32.51%, 0, 0, 17, 1582.55, 5661287, 1008, 0, 0
3714, 34, 278, 978, 0, 0, 32.51%, 0, 0, 17, 810.08, 5667975, 1008, 0, 0
3719, 34, 281, 978, 0, 0, 32.51%, 0, 0, 17, 1451.02, 5676337, 1008, 0, 0
3724, 34, 219, 978, 0, 0, 32.51%, 0, 0, 17, 1551.85, 5684259, 1008, 0, 0
3729, 34, 933, 978, 0, 0, 32.51%, 0, 0, 17, 1621.45, 5692465, 1008, 0, 0
3734, 34, 344, 978, 0, 0, 32.51%, 0, 0, 17, 1612.55, 5700596, 1008, 0, 0
3739, 34, 720, 978, 0, 0, 32.51%, 0, 0, 17, 1632.31, 5708818, 1008, 0, 0
3744, 34, 923, 978, 0, 0, 32.51%, 0, 0, 17, 1619.43, 5716957, 1008, 0, 0
3749, 34, 709, 978, 0, 0, 32.51%, 0, 0, 17, 1586.83, 5724947, 1008, 0, 0
3755, 34, 177, 979, 1, 0, 32.51%, 0, 0, 17, 1644.51, 5733560, 1008, 0, 0
3760, 34, 820, 979, 0, 0, 32.51%, 0, 0, 17, 1632.21, 5741773, 1008, 0, 0
3765, 34, 786, 979, 0, 0, 32.51%, 0, 0, 17, 1326.70, 5748440, 1008, 0, 0
3770, 34, 636, 979, 0, 0, 32.51%, 0, 0, 17, 1556.05, 5756793, 1008, 0, 0
3775, 34, 278, 979, 0, 0, 32.51%, 0, 0, 17, 1502.77, 5764504, 1008, 0, 0
3780, 34, 808, 979, 0, 0, 32.51%, 0, 0, 17, 1585.31, 5772428, 1008, 0, 0
3785, 34, 93, 979, 0, 0, 32.51%, 0, 0, 17, 1540.41, 5780113, 1008, 0, 0
3790, 34, 125, 979, 0, 0, 32.51%, 0, 0, 17, 1368.58, 5786455, 1008, 0, 0
3796, 34, 718, 979, 0, 0, 32.51%, 0, 0, 17, 1574.18, 5794990, 1008, 0, 0
3801, 34, 636, 979, 0, 0, 32.51%, 0, 0, 17, 1546.79, 5802852, 1008, 0, 0
3806, 35, 624, 980, 1, 0, 32.51%, 0, 0, 17, 1589.22, 5810809, 1008, 0, 0
3811, 35, 391, 980, 1, 0, 32.51%, 0, 0, 17, 1680.31, 5819420, 1008, 0, 0
3816, 35, 237, 980, 1, 0, 32.51%, 0, 0, 17, 1017.63, 5826980, 1008, 0, 0
3821, 35, 281, 980, 1, 0, 32.51%, 0, 0, 17, 1487.31, 5834959, 1008, 0, 0
3826, 35, 494, 980, 0, 0, 32.51%, 0, 0, 17, 1565.18, 5843081, 1008, 0, 0
3831, 35, 568, 980, 0, 0, 32.51%, 0, 0, 17, 1415.00, 5849795, 1008, 0, 0
3836, 35, 747, 980, 0, 0, 32.51%, 0, 0, 17, 1606.44, 5858414, 1008, 0, 0
3841, 35, 810, 980, 0, 0, 32.51%, 0, 0, 17, 1586.85, 5866183, 1008, 0, 0
3846, 35, 459, 980, 0, 0, 32.51%, 0, 0, 17, 1524.34, 5873601, 1008, 0, 0
3851, 35, 226, 980, 0, 0, 32.51%, 0, 0, 17, 1627.47, 5881872, 1008, 0, 0
3857, 35, 391, 980, 0, 0, 32.51%, 0, 0, 17, 1671.12, 5890348, 1008, 0, 0
3862, 35, 694, 980, 0, 0, 32.51%, 0, 0, 17, 1621.55, 5898753, 1008, 0, 0
3867, 35, 698, 980, 0, 0, 32.51%, 0, 0, 17, 1601.00, 5906922, 1008, 0, 0
3872, 35, 596, 980, 0, 0, 32.51%, 0, 0, 17, 1633.36, 5915230, 1008, 0, 0
3877, 35, 888, 980, 0, 0, 32.51%, 0, 0, 17, 1588.88, 5923007, 1008, 0, 0
3882, 35, 624, 980, 0, 0, 32.51%, 0, 0, 17, 1627.67, 5931518, 1008, 0, 0
3887, 35, 935, 980, 0, 0, 32.51%, 0, 0, 17, 1635.42, 5939875, 1008, 0, 0
3892, 35, 625, 980, 0, 0, 32.51%, 0, 0, 17, 1612.71, 5948318, 1008, 0, 0
3897, 35, 629, 980, 0, 0, 32.51%, 0, 0, 17, 1631.92, 5956670, 1008, 0, 0
3903, 35, 159, 984, 3, 0, 32.51%, 0, 0, 17, 1526.08, 5964371, 1008, 0, 0
3908, 35, 209, 984, 2, 0, 32.51%, 0, 0, 17, 1524.68, 5972084, 1008, 0, 0
3913, 36, 817, 984, 2, 0, 32.51%, 0, 0, 17, 1582.27, 5979990, 1008, 0, 0
3918, 36, 983, 984, 2, 0, 32.51%, 0, 0, 17, 1640.77, 5988372, 1008, 0, 0
3923, 36, 444, 984, 1, 0, 32.51%, 0, 0, 17, 1672.82, 5996811, 1008, 0, 0
3928, 36, 101, 985, 2, 0, 32.51%, 0, 0, 17, 1607.12, 6004600, 1008, 0, 0
3933, 36, 923, 986, 2, 0, 32.51%, 0, 0, 17, 1515.31, 6012093, 1008, 0, 0
3938, 36, 982, 987, 3, 0, 32.51%, 0, 0, 17, 1618.66, 6020229, 1008, 0, 0
3943, 36, 229, 988, 2, 0, 32.54%, 0, 0, 17, 1620.86, 6028500, 1009, 0, 0
3948, 36, 662, 988, 2, 0, 32.54%, 0, 0, 17, 1601.75, 6036455, 1009, 0, 0
3953, 36, 908, 988, 2, 0, 32.54%, 0, 0, 17, 1631.65, 6044617, 1009, 0, 0
3958, 36, 986, 988, 2, 0, 32.54%, 0, 0, 17, 1454.53, 6051978, 1009, 0, 0
3964, 36, 986, 988, 1, 0, 32.54%, 0, 0, 17, 1521.07, 6059693, 1009, 0, 0
3969, 36, 986, 988, 1, 0, 32.54%, 0, 0, 17, 1460.24, 6067084, 1009, 0, 0
3974, 36, 986, 988, 1, 0, 32.54%, 0, 0, 17, 1506.54, 6074638, 1009, 0, 0
3979, 36, 683, 988, 1, 0, 32.54%, 0, 0, 17, 1581.94, 6082638, 1009, 0, 0
3984, 36, 444, 988, 1, 0, 32.54%, 0, 0, 17, 1603.85, 6091024, 1009, 0, 0
3989, 36, 878, 988, 1, 0, 32.54%, 0, 0, 17, 1587.77, 6099115, 1009, 0, 0
3994, 36, 884, 989, 1, 0, 32.54%, 0, 0, 17, 1576.77, 6107041, 1009, 0, 0
3999, 36, 810, 989, 1, 0, 32.54%, 0, 0, 17, 1599.95, 6114996, 1009, 0, 0
4004, 36, 885, 989, 1, 0, 32.54%, 0, 0, 17, 1659.94, 6123224, 1009, 0, 0
4010, 36, 525, 989, 1, 0, 32.54%, 0, 0, 17, 1716.80, 6132320, 1009, 0, 0
4015, 36, 786, 989, 1, 0, 32.54%, 0, 0, 17, 1685.59, 6141152, 1009, 0, 0
4020, 36, 918, 989, 1, 0, 32.54%, 0, 0, 17, 1686.54, 6149555, 1009, 0, 0
4025, 36, 810, 989, 1, 0, 32.54%, 0, 0, 17, 1651.96, 6157876, 1009, 0, 0
4030, 37, 831, 989, 1, 0, 32.54%, 0, 0, 17, 1570.68, 6165817, 1009, 0, 0
4035, 37, 817, 989, 1, 0, 32.54%, 0, 0, 17, 1584.22, 6173805, 1009, 0, 0
4040, 37, 101, 989, 1, 0, 32.54%, 0, 0, 17, 1579.49, 6181216, 1009, 0, 0
4045, 37, 249, 989, 1, 0, 32.54%, 0, 0, 17, 1613.07, 6189521, 1009, 0, 0
4050, 37, 810, 989, 1, 0, 32.54%, 0, 0, 17, 1632.58, 6198037, 1009, 0, 0
4056, 37, 101, 989, 1, 0, 32.54%, 0, 0, 17, 1634.85, 6206376, 1009, 0, 0
4061, 37, 468, 989, 1, 0, 32.54%, 0, 0, 17, 1643.20, 6214862, 1009, 0, 0
4066, 37, 694, 989, 1, 0, 32.54%, 0, 0, 17, 1709.28, 6223432, 1009, 0, 0
4071, 37, 986, 989, 1, 0, 32.54%, 0, 0, 17, 1600.79, 6230603, 1009, 0, 0
4076, 37, 463, 989, 1, 0, 32.54%, 0, 0, 17, 1618.51, 6238809, 1009, 0, 0
4081, 37, 747, 989, 1, 0, 32.54%, 0, 0, 17, 1663.09, 6247261, 1009, 0, 0
4086, 37, 911, 989, 1, 0, 32.54%, 0, 0, 17, 1682.32, 6255737, 1009, 0, 0
4091, 37, 817, 989, 1, 0, 32.54%, 0, 0, 17, 1686.97, 6264285, 1009, 0, 0
4096, 37, 694, 989, 1, 0, 32.54%, 0, 0, 17, 1675.45, 6272828, 1009, 0, 0
4101, 37, 278, 989, 1, 0, 32.54%, 0, 0, 17, 1642.34, 6281262, 1009, 0, 0
4107, 37, 226, 989, 1, 0, 32.54%, 0, 0, 17, 1632.45, 6289432, 1009, 0, 0
4112, 37, 637, 989, 1, 0, 32.54%, 0, 0, 17, 1519.01, 6297365, 1009, 0, 0
4117, 37, 264, 989, 1, 0, 32.54%, 0, 0, 17, 1544.00, 6305243, 1009, 0, 0
4122, 37, 931, 989, 1, 0, 32.54%, 0, 0, 17, 1624.89, 6313614, 1009, 0, 0
4127, 37, 278, 989, 1, 0, 32.54%, 0, 0, 17, 1501.85, 6320994, 1009, 0, 0
4132, 37, 808, 989, 1, 0, 32.54%, 0, 0, 17, 1590.37, 6328926, 1009, 0, 0
4137, 37, 747, 990, 1, 0, 32.57%, 0, 0, 17, 1663.54, 6337704, 1010, 0, 0
4142, 37, 885, 990, 1, 0, 32.57%, 0, 0, 17, 1552.12, 6345173, 1010, 0, 0
4146, 37, 223, 990, 1, 0, 32.57%, 0, 0, 17, 1573.73, 6351454, 1010, 0, 0
