# relative_time, cycles_done, cur_item, corpus_count, pending_total, pending_favs, map_size, saved_crashes, saved_hangs, max_depth, execs_per_sec, total_execs, edges_found, total_crashes, servers_count
61, 0, 7, 187, 183, 100, 3.12%, 0, 0, 2, 731.63, 34579, 2046, 0, 0
66, 0, 7, 196, 192, 100, 3.19%, 0, 0, 2, 720.42, 38142, 2093, 0, 0
71, 0, 7, 198, 194, 100, 3.19%, 0, 0, 2, 750.56, 41908, 2093, 0, 0
76, 0, 7, 201, 197, 100, 3.23%, 0, 0, 2, 752.82, 45706, 2114, 0, 0
81, 0, 7, 204, 200, 100, 3.26%, 0, 0, 2, 733.87, 49231, 2137, 0, 0
86, 0, 7, 205, 201, 100, 3.27%, 0, 0, 2, 765.63, 53264, 2142, 0, 0
91, 0, 7, 206, 202, 100, 3.27%, 0, 0, 2, 765.38, 57142, 2143, 0, 0
96, 0, 7, 207, 203, 100, 3.27%, 0, 0, 2, 748.52, 60873, 2143, 0, 0
101, 0, 7, 210, 206, 100, 3.29%, 0, 0, 2, 760.11, 64850, 2154, 0, 0
106, 0, 7, 212, 208, 100, 3.29%, 0, 0, 2, 747.41, 68511, 2155, 0, 0
111, 0, 7, 214, 210, 100, 3.32%, 0, 0, 2, 743.39, 72207, 2173, 0, 0
116, 0, 7, 214, 210, 100, 3.32%, 0, 0, 2, 752.67, 76009, 2173, 0, 0
121, 0, 7, 215, 211, 100, 3.32%, 0, 0, 2, 740.07, 79707, 2179, 0, 0
127, 0, 8, 222, 217, 120, 3.34%, 0, 0, 2, 744.51, 83599, 2186, 0, 0
132, 0, 8, 223, 218, 120, 3.34%, 0, 0, 2, 736.10, 87290, 2186, 0, 0
137, 0, 8, 226, 221, 120, 3.34%, 0, 0, 2, 738.89, 90979, 2187, 0, 0
142, 0, 8, 230, 225, 120, 3.45%, 0, 0, 2, 726.26, 94731, 2262, 0, 0
147, 0, 55, 231, 214, 113, 3.46%, 0, 0, 3, 769.77, 99017, 2267, 0, 0
153, 0, 76, 238, 212, 105, 3.50%, 0, 0, 3, 768.76, 103008, 2294, 0, 0
158, 0, 76, 241, 215, 105, 3.53%, 0, 0, 3, 751.96, 106735, 2312, 0, 0
163, 0, 76, 243, 217, 105, 3.55%, 0, 0, 3, 739.66, 110481, 2327, 0, 0
168, 0, 76, 244, 218, 105, 3.55%, 0, 0, 3, 741.76, 114255, 2327, 0, 0
173, 0, 97, 250, 210, 102, 3.58%, 0, 0, 3, 756.80, 118205, 2344, 0, 0
178, 0, 168, 252, 198, 89, 3.58%, 0, 0, 3, 772.27, 122419, 2348, 0, 0
184, 0, 126, 261, 197, 84, 3.61%, 0, 0, 4, 764.71, 126610, 2368, 0, 0
189, 0, 152, 262, 180, 66, 3.61%, 0, 0, 4, 693.74, 130236, 2368, 0, 0
194, 0, 153, 276, 193, 65, 3.71%, 0, 0, 4, 650.33, 133496, 2430, 0, 0
199, 0, 153, 279, 196, 65, 3.71%, 0, 0, 4, 651.71, 136784, 2431, 0, 0
204, 0, 153, 279, 196, 65, 3.71%, 0, 0, 4, 196.47, 139633, 2431, 0, 0
209, 0, 153, 279, 196, 65, 3.71%, 0, 0, 4, 544.07, 142861, 2431, 0, 0
214, 0, 153, 279, 196, 65, 3.71%, 0, 0, 4, 621.73, 146130, 2431, 0, 0
219, 0, 153, 279, 196, 65, 3.71%, 0, 0, 4, 634.17, 149360, 2431, 0, 0
224, 0, 153, 281, 198, 65, 3.71%, 0, 0, 4, 631.25, 152506, 2431, 0, 0
229, 0, 153, 281, 198, 65, 3.71%, 0, 0, 4, 687.06, 155993, 2431, 0, 0
234, 0, 153, 281, 198, 65, 3.71%, 0, 0, 4, 659.87, 159308, 2431, 0, 0
240, 0, 153, 281, 198, 65, 3.71%, 0, 0, 4, 613.33, 162288, 2431, 0, 0
245, 0, 153, 282, 199, 65, 3.71%, 0, 0, 4, 695.68, 165907, 2431, 0, 0
250, 0, 153, 282, 199, 65, 3.71%, 0, 0, 4, 662.32, 169262, 2431, 0, 0
255, 0, 153, 282, 199, 65, 3.71%, 0, 0, 4, 702.23, 172915, 2431, 0, 0
260, 0, 153, 282, 199, 65, 3.71%, 0, 0, 4, 712.48, 176518, 2431, 0, 0
265, 0, 153, 282, 199, 65, 3.71%, 0, 0, 4, 682.35, 180013, 2431, 0, 0
270, 0, 206, 283, 194, 66, 3.71%, 0, 0, 4, 742.19, 184024, 2431, 0, 0
275, 0, 228, 286, 191, 61, 3.71%, 0, 0, 4, 769.88, 187988, 2431, 0, 0
280, 0, 178, 291, 188, 53, 3.71%, 0, 0, 4, 732.54, 191849, 2432, 0, 0
286, 0, 207, 296, 174, 35, 3.71%, 0, 0, 4, 735.22, 195552, 2432, 0, 0
291, 0, 252, 304, 165, 19, 3.72%, 0, 0, 5, 736.04, 199226, 2440, 0, 0
296, 0, 252, 310, 171, 19, 3.75%, 0, 0, 5, 715.97, 202894, 2457, 0, 0
301, 0, 252, 312, 173, 19, 3.76%, 0, 0, 5, 742.20, 206618, 2461, 0, 0
306, 0, 252, 312, 173, 19, 3.76%, 0, 0, 5, 739.21, 210314, 2461, 0, 0
311, 0, 274, 319, 174, 20, 3.76%, 0, 0, 5, 732.61, 214073, 2461, 0, 0
316, 0, 297, 339, 191, 17, 3.77%, 0, 0, 6, 754.01, 217844, 2471, 0, 0
321, 0, 297, 346, 198, 17, 3.78%, 0, 0, 6, 747.45, 221613, 2475, 0, 0
326, 0, 336, 352, 201, 19, 3.78%, 0, 0, 7, 728.39, 225364, 2480, 0, 0
331, 0, 322, 360, 201, 11, 3.79%, 0, 0, 7, 759.96, 229356, 2487, 0, 0
337, 0, 322, 363, 204, 11, 3.79%, 0, 0, 7, 781.24, 233429, 2487, 0, 0
342, 0, 322, 363, 204, 11, 3.79%, 0, 0, 7, 728.55, 237321, 2487, 0, 0
347, 0, 322, 363, 204, 11, 3.79%, 0, 0, 7, 512.15, 239879, 2487, 0, 0
352, 0, 350, 369, 204, 8, 3.80%, 0, 0, 8, 612.77, 243186, 2488, 0, 0
357, 0, 372, 388, 217, 6, 3.80%, 0, 0, 9, 664.17, 246783, 2492, 0, 0
362, 0, 372, 393, 222, 6, 3.83%, 0, 0, 9, 611.09, 249867, 2512, 0, 0
367, 0, 372, 393, 222, 6, 3.83%, 0, 0, 9, 612.41, 253131, 2512, 0, 0
372, 0, 372, 395, 224, 6, 3.84%, 0, 0, 9, 655.30, 256596, 2516, 0, 0
378, 0, 372, 395, 224, 6, 3.84%, 0, 0, 9, 710.35, 260326, 2516, 0, 0
383, 0, 372, 396, 225, 6, 3.84%, 0, 0, 9, 708.50, 263959, 2516, 0, 0
388, 0, 372, 398, 227, 6, 3.84%, 0, 0, 9, 739.39, 267837, 2516, 0, 0
393, 0, 372, 400, 229, 6, 3.84%, 0, 0, 9, 750.96, 271595, 2516, 0, 0
398, 0, 372, 400, 229, 6, 3.84%, 0, 0, 9, 745.62, 275391, 2516, 0, 0
403, 0, 372, 401, 230, 6, 3.84%, 0, 0, 9, 730.11, 279087, 2516, 0, 0
408, 0, 372, 401, 230, 6, 3.84%, 0, 0, 9, 702.53, 282573, 2516, 0, 0
413, 0, 357, 407, 234, 10, 3.84%, 0, 0, 9, 739.85, 286349, 2519, 0, 0
418, 0, 357, 412, 239, 10, 3.84%, 0, 0, 9, 769.28, 290352, 2519, 0, 0
423, 0, 357, 414, 241, 10, 3.84%, 0, 0, 9, 737.89, 294043, 2519, 0, 0
428, 0, 357, 414, 241, 10, 3.84%, 0, 0, 9, 787.07, 298136, 2519, 0, 0
434, 0, 391, 426, 248, 12, 3.84%, 0, 0, 10, 795.62, 302168, 2519, 0, 0
439, 0, 393, 441, 261, 12, 3.85%, 0, 0, 10, 764.68, 306067, 2520, 0, 0
444, 0, 397, 443, 262, 13, 3.85%, 0, 0, 10, 777.29, 309958, 2520, 0, 0
449, 0, 421, 451, 267, 12, 3.85%, 0, 0, 10, 793.04, 313964, 2520, 0, 0
454, 0, 421, 452, 268, 12, 3.85%, 0, 0, 10, 773.45, 317856, 2520, 0, 0
459, 0, 421, 453, 269, 12, 3.85%, 0, 0, 10, 797.88, 322003, 2520, 0, 0
464, 0, 421, 453, 269, 12, 3.85%, 0, 0, 10, 779.88, 326023, 2520, 0, 0
469, 0, 421, 453, 269, 12, 3.85%, 0, 0, 10, 772.74, 329893, 2520, 0, 0
474, 0, 417, 458, 271, 9, 3.85%, 0, 0, 11, 732.06, 333684, 2520, 0, 0
479, 0, 447, 462, 272, 8, 3.85%, 0, 0, 11, 742.63, 337575, 2520, 0, 0
484, 0, 316, 466, 270, 5, 3.85%, 0, 0, 11, 745.56, 341423, 2520, 0, 0
489, 0, 316, 471, 275, 5, 3.85%, 0, 0, 11, 745.89, 345196, 2520, 0, 0
494, 0, 463, 472, 274, 4, 3.85%, 0, 0, 11, 771.28, 349142, 2520, 0, 0
500, 0, 246, 477, 274, 0, 3.85%, 0, 0, 11, 745.15, 353535, 2522, 0, 0
505, 0, 417, 485, 281, 0, 3.85%, 0, 0, 11, 714.24, 357185, 2522, 0, 0
510, 0, 417, 487, 283, 0, 3.85%, 0, 0, 11, 744.21, 360937, 2522, 0, 0
515, 0, 349, 492, 288, 0, 3.85%, 0, 0, 11, 740.94, 364657, 2526, 0, 0
520, 0, 340, 493, 285, 0, 3.85%, 0, 0, 11, 759.50, 368522, 2526, 0, 0
525, 0, 128, 495, 284, 0, 3.85%, 0, 0, 11, 750.71, 372317, 2526, 0, 0
531, 0, 483, 501, 288, 0, 3.85%, 0, 0, 12, 725.51, 376032, 2526, 0, 0
536, 0, 483, 506, 293, 0, 3.85%, 0, 0, 12, 714.50, 379567, 2526, 0, 0
541, 0, 483, 507, 294, 0, 3.85%, 0, 0, 12, 747.30, 383363, 2526, 0, 0
546, 0, 467, 511, 293, 0, 3.85%, 0, 0, 13, 708.17, 387032, 2526, 0, 0
551, 0, 447, 513, 291, 0, 3.85%, 0, 0, 13, 744.47, 390824, 2526, 0, 0
556, 0, 488, 514, 291, 0, 3.85%, 0, 0, 13, 749.32, 394760, 2526, 0, 0
561, 0, 141, 515, 288, 0, 3.85%, 0, 0, 13, 715.05, 398447, 2526, 0, 0
566, 0, 425, 517, 286, 0, 3.85%, 0, 0, 13, 743.64, 402307, 2526, 0, 0
571, 0, 518, 520, 288, 1, 3.86%, 0, 0, 13, 757.65, 406203, 2529, 0, 0
577, 0, 522, 525, 289, 2, 3.86%, 0, 0, 14, 762.84, 410258, 2529, 0, 0
582, 0, 526, 533, 295, 1, 3.86%, 0, 0, 15, 712.86, 413813, 2530, 0, 0
587, 0, 526, 535, 297, 1, 3.86%, 0, 0, 15, 761.38, 417608, 2530, 0, 0
592, 0, 526, 536, 298, 1, 3.86%, 0, 0, 15, 775.99, 421590, 2530, 0, 0
597, 0, 526, 536, 298, 1, 3.86%, 0, 0, 15, 750.67, 425286, 2530, 0, 0
602, 0, 259, 541, 298, 0, 3.86%, 0, 0, 16, 740.31, 429073, 2531, 0, 0
607, 0, 430, 541, 295, 0, 3.86%, 0, 0, 16, 722.14, 432818, 2531, 0, 0
612, 0, 408, 547, 297, 0, 3.86%, 0, 0, 17, 696.38, 436398, 2531, 0, 0
617, 0, 179, 548, 294, 0, 3.88%, 0, 0, 17, 745.71, 440348, 2543, 0, 0
622, 0, 498, 554, 300, 0, 3.88%, 0, 0, 17, 735.19, 444046, 2543, 0, 0
628, 0, 498, 554, 300, 0, 3.88%, 0, 0, 17, 734.39, 447868, 2543, 0, 0
633, 0, 344, 555, 300, 0, 3.88%, 0, 0, 17, 745.76, 451641, 2543, 0, 0
638, 0, 209, 558, 299, 0, 3.88%, 0, 0, 17, 747.39, 455450, 2543, 0, 0
643, 0, 290, 563, 304, 0, 3.88%, 0, 0, 17, 672.22, 458764, 2543, 0, 0
648, 0, 290, 568, 309, 0, 3.88%, 0, 0, 17, 684.18, 462374, 2543, 0, 0
653, 0, 290, 568, 309, 0, 3.88%, 0, 0, 17, 690.70, 465858, 2543, 0, 0
658, 0, 290, 571, 312, 0, 3.88%, 0, 0, 17, 632.17, 469134, 2543, 0, 0
664, 0, 559, 574, 313, 0, 3.88%, 0, 0, 17, 158.56, 472675, 2543, 0, 0
669, 0, 546, 576, 312, 0, 3.88%, 0, 0, 17, 168.72, 475723, 2543, 0, 0
674, 0, 211, 576, 310, 0, 3.88%, 0, 0, 17, 473.34, 478302, 2543, 0, 0
679, 0, 143, 577, 308, 0, 3.88%, 0, 0, 18, 656.22, 481978, 2543, 0, 0
684, 1, 533, 577, 302, 0, 3.88%, 0, 0, 18, 702.68, 485605, 2543, 0, 0
689, 1, 550, 582, 307, 0, 3.88%, 0, 0, 18, 676.96, 489022, 2543, 0, 0
694, 1, 550, 583, 308, 0, 3.88%, 0, 0, 18, 632.06, 492358, 2543, 0, 0
699, 1, 547, 583, 306, 0, 3.88%, 0, 0, 18, 710.86, 496109, 2543, 0, 0
705, 1, 102, 583, 301, 0, 3.88%, 0, 0, 18, 704.93, 499880, 2543, 0, 0
710, 1, 363, 590, 305, 0, 3.88%, 0, 0, 18, 672.07, 503297, 2543, 0, 0
715, 1, 363, 590, 305, 0, 3.88%, 0, 0, 18, 673.08, 506692, 2543, 0, 0
720, 1, 363, 590, 305, 0, 3.88%, 0, 0, 18, 675.15, 510215, 2543, 0, 0
725, 1, 363, 592, 307, 0, 3.88%, 0, 0, 18, 689.17, 513700, 2546, 0, 0
730, 1, 411, 597, 307, 0, 3.88%, 0, 0, 18, 745.96, 517589, 2546, 0, 0
735, 1, 519, 599, 301, 0, 3.88%, 0, 0, 18, 738.44, 521263, 2546, 0, 0
740, 1, 238, 600, 293, 0, 3.88%, 0, 0, 18, 747.21, 525112, 2546, 0, 0
745, 1, 603, 605, 291, 0, 3.88%, 0, 0, 18, 713.86, 528796, 2546, 0, 0
750, 1, 434, 607, 287, 0, 3.88%, 0, 0, 18, 683.26, 532121, 2546, 0, 0
756, 1, 572, 613, 291, 0, 3.88%, 0, 0, 18, 588.87, 535112, 2546, 0, 0
761, 1, 572, 614, 292, 0, 3.88%, 0, 0, 18, 537.50, 537765, 2546, 0, 0
766, 1, 572, 615, 293, 0, 3.88%, 0, 0, 18, 532.60, 540442, 2546, 0, 0
771, 1, 604, 616, 293, 0, 3.88%, 0, 0, 18, 555.36, 543369, 2546, 0, 0
776, 1, 344, 616, 288, 0, 3.88%, 0, 0, 18, 677.99, 547204, 2546, 0, 0
781, 1, 463, 617, 286, 0, 3.88%, 0, 0, 18, 682.82, 550368, 2546, 0, 0
786, 1, 617, 621, 289, 0, 3.88%, 0, 0, 18, 734.58, 554073, 2546, 0, 0
791, 1, 582, 621, 286, 0, 3.88%, 0, 0, 18, 741.57, 557909, 2546, 0, 0
796, 1, 581, 625, 287, 0, 3.88%, 0, 0, 18, 706.58, 561448, 2546, 0, 0
801, 1, 267, 626, 282, 0, 3.88%, 0, 0, 18, 748.97, 565238, 2546, 0, 0
806, 1, 561, 629, 280, 0, 3.88%, 0, 0, 18, 689.90, 568428, 2546, 0, 0
811, 1, 498, 629, 272, 0, 3.88%, 0, 0, 18, 758.34, 572375, 2546, 0, 0
816, 1, 337, 629, 261, 0, 3.88%, 0, 0, 18, 756.63, 576115, 2546, 0, 0
822, 1, 477, 630, 253, 0, 3.88%, 0, 0, 18, 762.24, 580430, 2546, 0, 0
827, 1, 159, 630, 243, 0, 3.88%, 0, 0, 18, 721.45, 583952, 2546, 0, 0
832, 1, 240, 631, 237, 0, 3.88%, 0, 0, 18, 728.89, 587566, 2546, 0, 0
837, 1, 497, 637, 240, 0, 3.88%, 0, 0, 18, 715.70, 591178, 2546, 0, 0
842, 1, 497, 640, 243, 0, 3.88%, 0, 0, 18, 732.82, 594895, 2546, 0, 0
847, 1, 497, 640, 243, 0, 3.88%, 0, 0, 18, 726.85, 598479, 2546, 0, 0
852, 1, 424, 641, 239, 0, 3.88%, 0, 0, 18, 720.83, 602147, 2546, 0, 0
858, 1, 510, 642, 234, 0, 3.88%, 0, 0, 18, 733.15, 605958, 2546, 0, 0
863, 1, 385, 642, 228, 0, 3.88%, 0, 0, 18, 732.58, 609664, 2546, 0, 0
868, 1, 609, 645, 226, 0, 3.88%, 0, 0, 18, 696.01, 613297, 2546, 0, 0
873, 1, 470, 646, 223, 0, 3.88%, 0, 0, 18, 699.89, 616854, 2546, 0, 0
878, 1, 646, 647, 218, 0, 3.89%, 0, 0, 18, 709.00, 620555, 2547, 0, 0
883, 1, 516, 647, 214, 0, 3.89%, 0, 0, 18, 668.32, 623870, 2547, 0, 0
888, 1, 383, 647, 207, 0, 3.89%, 0, 0, 18, 730.39, 627663, 2547, 0, 0
893, 1, 610, 647, 199, 0, 3.89%, 0, 0, 18, 702.26, 631251, 2547, 0, 0
898, 1, 632, 647, 197, 0, 3.89%, 0, 0, 18, 727.71, 634810, 2547, 0, 0
903, 1, 629, 650, 193, 0, 3.89%, 0, 0, 18, 720.43, 638476, 2547, 0, 0
908, 1, 629, 656, 199, 0, 3.89%, 0, 0, 18, 696.16, 642016, 2547, 0, 0
913, 1, 629, 658, 201, 0, 3.89%, 0, 0, 18, 715.49, 645672, 2547, 0, 0
919, 1, 203, 662, 202, 0, 3.89%, 0, 0, 18, 732.01, 649440, 2547, 0, 0
924, 1, 624, 662, 196, 0, 3.89%, 0, 0, 18, 740.02, 653281, 2547, 0, 0
929, 1, 106, 664, 189, 0, 3.89%, 0, 0, 18, 730.81, 657073, 2547, 0, 0
934, 1, 143, 664, 183, 0, 3.89%, 0, 0, 18, 655.30, 660501, 2547, 0, 0
939, 1, 494, 664, 176, 0, 3.89%, 0, 0, 18, 693.27, 664100, 2547, 0, 0
944, 1, 578, 665, 172, 0, 3.89%, 0, 0, 18, 708.68, 667606, 2547, 0, 0
949, 1, 60, 665, 165, 0, 3.89%, 0, 0, 18, 721.48, 671298, 2547, 0, 0
955, 1, 178, 667, 161, 0, 3.89%, 0, 0, 18, 751.32, 675214, 2547, 0, 0
960, 1, 645, 667, 153, 0, 3.89%, 0, 0, 18, 714.49, 678867, 2547, 0, 0
965, 1, 273, 668, 148, 0, 3.89%, 0, 0, 18, 732.41, 682579, 2547, 0, 0
970, 1, 386, 668, 142, 0, 3.89%, 0, 0, 18, 728.01, 686367, 2547, 0, 0
975, 1, 232, 668, 137, 0, 3.89%, 0, 0, 18, 729.98, 690185, 2547, 0, 0
980, 2, 111, 669, 133, 0, 3.89%, 0, 0, 18, 698.83, 693724, 2547, 0, 0
985, 2, 670, 671, 134, 1, 3.89%, 0, 0, 18, 599.89, 696836, 2548, 0, 0
990, 2, 671, 672, 134, 1, 3.89%, 0, 0, 18, 513.11, 698975, 2550, 0, 0
995, 2, 591, 678, 138, 0, 3.89%, 0, 0, 18, 706.92, 702878, 2550, 0, 0
1000, 2, 591, 678, 138, 0, 3.89%, 0, 0, 18, 701.41, 706420, 2550, 0, 0
1005, 2, 591, 679, 139, 0, 3.89%, 0, 0, 18, 723.58, 710054, 2550, 0, 0
1011, 2, 676, 680, 140, 0, 3.89%, 0, 0, 18, 747.92, 713860, 2550, 0, 0
1016, 2, 578, 681, 140, 0, 3.89%, 0, 0, 18, 723.93, 717638, 2550, 0, 0
1021, 2, 597, 682, 139, 0, 3.89%, 0, 0, 18, 730.22, 721412, 2550, 0, 0
1026, 2, 188, 682, 136, 0, 3.89%, 0, 0, 18, 693.87, 725022, 2550, 0, 0
1031, 2, 447, 683, 135, 0, 3.89%, 0, 0, 18, 707.78, 728714, 2550, 0, 0
1036, 2, 170, 683, 131, 0, 3.89%, 0, 0, 18, 691.98, 732337, 2550, 0, 0
1041, 2, 309, 683, 129, 0, 3.89%, 0, 0, 18, 731.77, 736196, 2550, 0, 0
1046, 2, 673, 683, 126, 0, 3.89%, 0, 0, 18, 737.69, 740066, 2550, 0, 0
1051, 2, 414, 683, 121, 0, 3.89%, 0, 0, 18, 708.66, 743521, 2550, 0, 0
1056, 2, 84, 683, 118, 0, 3.89%, 0, 0, 18, 677.16, 746894, 2550, 0, 0
1061, 2, 201, 684, 117, 0, 3.89%, 0, 0, 18, 687.68, 750407, 2550, 0, 0
1067, 2, 500, 684, 111, 0, 3.89%, 0, 0, 18, 683.19, 753711, 2550, 0, 0
1072, 2, 344, 685, 110, 0, 3.89%, 0, 0, 18, 735.85, 757559, 2550, 0, 0
1077, 2, 675, 685, 108, 0, 3.89%, 0, 0, 18, 698.76, 761285, 2550, 0, 0
1082, 2, 388, 686, 105, 0, 3.89%, 0, 0, 18, 686.80, 764564, 2551, 0, 0
1087, 2, 662, 686, 102, 0, 3.89%, 0, 0, 18, 669.06, 767958, 2551, 0, 0
1092, 2, 591, 687, 101, 0, 3.89%, 0, 0, 18, 660.27, 771484, 2551, 0, 0
1097, 2, 232, 691, 102, 0, 3.91%, 0, 0, 18, 719.24, 775039, 2560, 0, 0
1103, 2, 269, 693, 102, 0, 3.91%, 0, 0, 18, 743.25, 778811, 2560, 0, 0
1108, 2, 687, 699, 105, 0, 3.91%, 0, 0, 18, 727.79, 782424, 2560, 0, 0
1113, 2, 687, 706, 112, 0, 3.91%, 0, 0, 18, 701.77, 785805, 2560, 0, 0
1118, 2, 687, 707, 113, 0, 3.91%, 0, 0, 18, 708.37, 789368, 2560, 0, 0
1123, 2, 687, 707, 113, 0, 3.91%, 0, 0, 18, 723.36, 792994, 2560, 0, 0
1128, 2, 686, 707, 111, 0, 3.91%, 0, 0, 18, 722.35, 796609, 2560, 0, 0
1133, 2, 683, 711, 110, 0, 3.91%, 0, 0, 18, 718.39, 800259, 2560, 0, 0
1138, 2, 703, 712, 106, 0, 3.91%, 0, 0, 18, 745.87, 804218, 2560, 0, 0
1143, 2, 259, 713, 103, 0, 3.91%, 0, 0, 18, 750.74, 807971, 2560, 0, 0
1148, 2, 713, 726, 115, 1, 3.93%, 0, 0, 18, 734.22, 811781, 2573, 0, 0
1153, 2, 713, 727, 116, 1, 3.93%, 0, 0, 18, 674.13, 815191, 2573, 0, 0
1158, 2, 713, 728, 117, 1, 3.93%, 0, 0, 18, 669.00, 818552, 2575, 0, 0
1164, 2, 723, 730, 118, 3, 3.93%, 0, 0, 18, 705.19, 822781, 2575, 0, 0
1169, 2, 727, 732, 118, 2, 3.93%, 0, 0, 18, 729.03, 826643, 2577, 0, 0
1174, 2, 727, 736, 122, 2, 3.94%, 0, 0, 18, 728.87, 830312, 2580, 0, 0
1180, 2, 727, 737, 123, 2, 3.94%, 0, 0, 18, 746.33, 834183, 2580, 0, 0
1185, 2, 731, 738, 122, 2, 3.94%, 0, 0, 18, 710.52, 837710, 2580, 0, 0
1190, 2, 735, 743, 125, 1, 3.94%, 0, 0, 18, 691.82, 841088, 2581, 0, 0
1195, 2, 735, 744, 126, 1, 3.94%, 0, 0, 18, 723.86, 844865, 2581, 0, 0
1201, 2, 742, 744, 125, 2, 3.94%, 0, 0, 18, 711.43, 849402, 2581, 0, 0
1207, 2, 743, 745, 123, 1, 3.94%, 0, 0, 18, 702.69, 853188, 2581, 0, 0
1212, 2, 718, 747, 121, 0, 3.94%, 0, 0, 18, 679.13, 856557, 2581, 0, 0
1217, 2, 669, 747, 117, 0, 3.94%, 0, 0, 18, 694.82, 860147, 2581, 0, 0
1223, 2, 383, 747, 116, 0, 3.94%, 0, 0, 18, 544.86, 863001, 2581, 0, 0
1228, 2, 712, 747, 116, 0, 3.94%, 0, 0, 18, 146.41, 863804, 2581, 0, 0
1233, 2, 314, 747, 115, 0, 3.94%, 0, 0, 18, 139.71, 864511, 2581, 0, 0
1238, 2, 578, 747, 115, 0, 3.94%, 0, 0, 18, 209.75, 865571, 2581, 0, 0
1243, 2, 730, 747, 115, 0, 3.94%, 0, 0, 18, 64.75, 866173, 2581, 0, 0
1248, 2, 30, 747, 114, 0, 3.94%, 0, 0, 18, 147.99, 867069, 2581, 0, 0
1253, 2, 547, 747, 112, 0, 3.94%, 0, 0, 18, 196.51, 868230, 2581, 0, 0
1259, 2, 447, 747, 111, 0, 3.94%, 0, 0, 18, 236.25, 869448, 2581, 0, 0
1264, 2, 681, 747, 111, 0, 3.94%, 0, 0, 18, 252.48, 870885, 2581, 0, 0
1269, 2, 681, 747, 111, 0, 3.94%, 0, 0, 18, 71.58, 871467, 2581, 0, 0
1274, 2, 640, 747, 110, 0, 3.94%, 0, 0, 18, 165.91, 872374, 2581, 0, 0
1279, 2, 51, 747, 105, 0, 3.94%, 0, 0, 18, 365.11, 874508, 2581, 0, 0
1284, 2, 715, 747, 105, 0, 3.94%, 0, 0, 18, 346.33, 876341, 2581, 0, 0
1289, 2, 577, 747, 103, 0, 3.94%, 0, 0, 18, 309.61, 877967, 2581, 0, 0
1295, 2, 533, 747, 101, 0, 3.94%, 0, 0, 18, 65.30, 880013, 2581, 0, 0
1300, 2, 522, 747, 100, 0, 3.94%, 0, 0, 18, 172.98, 881089, 2581, 0, 0
1305, 2, 278, 747, 96, 0, 3.94%, 0, 0, 18, 285.75, 882667, 2581, 0, 0
1310, 2, 729, 747, 94, 0, 3.94%, 0, 0, 18, 386.69, 884743, 2581, 0, 0
1315, 2, 710, 748, 94, 0, 3.94%, 0, 0, 18, 381.82, 886853, 2581, 0, 0
1320, 2, 460, 748, 91, 0, 3.94%, 0, 0, 18, 315.80, 888332, 2581, 0, 0
1325, 2, 460, 748, 89, 0, 3.94%, 0, 0, 18, 342.42, 890152, 2581, 0, 0
1330, 2, 518, 748, 88, 0, 3.94%, 0, 0, 18, 333.67, 891719, 2581, 0, 0
1335, 2, 731, 748, 88, 0, 3.94%, 0, 0, 18, 366.29, 893593, 2581, 0, 0
1340, 2, 670, 748, 88, 0, 3.94%, 0, 0, 18, 332.10, 895193, 2581, 0, 0
1345, 2, 685, 748, 87, 0, 3.94%, 0, 0, 18, 333.69, 896877, 2581, 0, 0
1350, 2, 377, 748, 87, 0, 3.94%, 0, 0, 18, 324.15, 898492, 2581, 0, 0
1355, 2, 736, 749, 86, 0, 3.94%, 0, 0, 18, 416.14, 900595, 2581, 0, 0
1361, 2, 743, 749, 85, 0, 3.94%, 0, 0, 18, 453.83, 902928, 2581, 0, 0
1366, 2, 227, 749, 81, 0, 3.94%, 0, 0, 18, 468.61, 905339, 2581, 0, 0
1371, 2, 182, 749, 81, 0, 3.94%, 0, 0, 18, 388.10, 907312, 2581, 0, 0
1376, 2, 670, 751, 83, 0, 3.94%, 0, 0, 18, 433.81, 909806, 2581, 0, 0
1381, 2, 731, 753, 83, 0, 3.94%, 0, 0, 18, 474.90, 912355, 2581, 0, 0
1386, 2, 199, 753, 82, 0, 3.94%, 0, 0, 18, 524.01, 915040, 2581, 0, 0
1391, 2, 511, 754, 82, 0, 3.94%, 0, 0, 18, 569.28, 918038, 2581, 0, 0
1396, 2, 221, 754, 78, 0, 3.94%, 0, 0, 18, 476.62, 920294, 2581, 0, 0
1401, 2, 578, 754, 77, 0, 3.94%, 0, 0, 18, 472.95, 922804, 2581, 0, 0
1407, 2, 143, 754, 77, 0, 3.94%, 0, 0, 18, 456.69, 924735, 2581, 0, 0
1412, 3, 746, 754, 76, 0, 3.94%, 0, 0, 18, 495.01, 927303, 2581, 0, 0
1417, 3, 71, 755, 74, 0, 3.94%, 0, 0, 18, 508.77, 929884, 2581, 0, 0
1422, 3, 278, 756, 75, 0, 3.94%, 0, 0, 18, 473.36, 932232, 2581, 0, 0
1427, 3, 732, 757, 76, 0, 3.94%, 0, 0, 18, 417.54, 934340, 2581, 0, 0
1432, 3, 430, 757, 74, 0, 3.94%, 0, 0, 18, 496.34, 936913, 2581, 0, 0
1437, 3, 99, 757, 72, 0, 3.94%, 0, 0, 18, 513.37, 939519, 2581, 0, 0
1442, 3, 755, 757, 72, 0, 3.94%, 0, 0, 18, 472.91, 941995, 2581, 0, 0
1448, 3, 731, 759, 72, 0, 3.94%, 0, 0, 18, 459.20, 944292, 2581, 0, 0
1453, 3, 757, 759, 72, 0, 3.94%, 0, 0, 18, 409.97, 946297, 2581, 0, 0
1458, 3, 731, 760, 72, 0, 3.94%, 0, 0, 18, 442.30, 948514, 2581, 0, 0
1463, 3, 662, 761, 73, 0, 3.94%, 0, 0, 18, 525.70, 951337, 2581, 0, 0
1468, 3, 98, 761, 73, 0, 3.94%, 0, 0, 18, 548.40, 954216, 2581, 0, 0
1473, 3, 710, 762, 73, 0, 3.94%, 0, 0, 18, 545.44, 956927, 2581, 0, 0
1478, 3, 761, 763, 74, 0, 3.94%, 0, 0, 18, 538.11, 959649, 2581, 0, 0
1483, 3, 531, 764, 73, 0, 3.94%, 0, 0, 18, 501.19, 962257, 2581, 0, 0
1488, 3, 416, 765, 74, 0, 3.94%, 0, 0, 18, 467.13, 964630, 2581, 0, 0
1494, 3, 722, 765, 74, 0, 3.94%, 0, 0, 18, 466.76, 966933, 2581, 0, 0
1499, 3, 739, 765, 72, 0, 3.94%, 0, 0, 18, 464.01, 969334, 2581, 0, 0
1504, 3, 285, 765, 71, 0, 3.94%, 0, 0, 18, 477.68, 971692, 2581, 0, 0
1509, 3, 375, 767, 71, 0, 3.94%, 0, 0, 18, 490.64, 974410, 2581, 0, 0
1514, 3, 578, 767, 70, 0, 3.94%, 0, 0, 18, 544.40, 977214, 2581, 0, 0
1519, 3, 646, 768, 69, 0, 3.94%, 0, 0, 18, 565.00, 980179, 2581, 0, 0
1524, 3, 769, 770, 70, 1, 4.03%, 0, 0, 18, 504.88, 982718, 2638, 0, 0
1530, 3, 433, 771, 70, 0, 4.03%, 0, 0, 18, 502.87, 985342, 2638, 0, 0
1535, 3, 136, 771, 69, 0, 4.03%, 0, 0, 18, 439.42, 987554, 2638, 0, 0
1540, 3, 176, 772, 69, 0, 4.03%, 0, 0, 18, 477.09, 990080, 2638, 0, 0
1545, 3, 29, 772, 69, 0, 4.03%, 0, 0, 18, 445.78, 992192, 2638, 0, 0
1550, 3, 523, 772, 67, 0, 4.03%, 0, 0, 18, 646.55, 995863, 2638, 0, 0
1555, 3, 637, 773, 66, 0, 4.03%, 0, 0, 18, 692.56, 999558, 2638, 0, 0
1560, 3, 515, 774, 67, 0, 4.03%, 0, 0, 18, 539.23, 1001953, 2638, 0, 0
1750, 3, 646, 774, 66, 0, 4.03%, 0, 0, 18, 0.14, 1002527, 2638, 0, 0
1755, 3, 690, 774, 66, 0, 4.03%, 0, 0, 18, 365.23, 1003461, 2638, 0, 0
1760, 3, 399, 774, 65, 0, 4.03%, 0, 0, 18, 520.69, 1006514, 2638, 0, 0
1765, 3, 670, 774, 65, 0, 4.03%, 0, 0, 18, 610.07, 1009904, 2638, 0, 0
1770, 3, 176, 774, 65, 0, 4.03%, 0, 0, 18, 603.06, 1012807, 2638, 0, 0
1776, 3, 608, 774, 64, 0, 4.03%, 0, 0, 18, 646.71, 1016560, 2638, 0, 0
1781, 3, 572, 775, 64, 0, 4.03%, 0, 0, 18, 635.02, 1019244, 2638, 0, 0
1786, 3, 734, 775, 63, 0, 4.03%, 0, 0, 18, 571.34, 1021790, 2638, 0, 0
1792, 3, 741, 775, 62, 0, 4.03%, 0, 0, 18, 660.45, 1026009, 2638, 0, 0
1797, 3, 186, 775, 60, 0, 4.03%, 0, 0, 18, 731.35, 1029761, 2638, 0, 0
1803, 3, 747, 775, 58, 0, 4.03%, 0, 0, 18, 688.67, 1033817, 2638, 0, 0
1808, 3, 734, 777, 57, 0, 4.03%, 0, 0, 18, 686.71, 1037339, 2638, 0, 0
1813, 3, 227, 778, 57, 0, 4.03%, 0, 0, 18, 282.30, 1040202, 2638, 0, 0
1818, 3, 259, 778, 55, 0, 4.03%, 0, 0, 18, 625.85, 1043676, 2638, 0, 0
1824, 3, 406, 778, 54, 0, 4.03%, 0, 0, 18, 695.04, 1047393, 2638, 0, 0
1829, 3, 637, 778, 52, 0, 4.03%, 0, 0, 18, 731.06, 1051196, 2638, 0, 0
1834, 3, 639, 778, 51, 0, 4.03%, 0, 0, 18, 743.56, 1055328, 2638, 0, 0
1839, 3, 516, 778, 51, 0, 4.03%, 0, 0, 18, 743.70, 1059047, 2638, 0, 0
1844, 3, 120, 778, 51, 0, 4.03%, 0, 0, 18, 687.43, 1062533, 2638, 0, 0
1849, 3, 565, 779, 52, 0, 4.03%, 0, 0, 18, 673.83, 1066156, 2638, 0, 0
1855, 3, 213, 779, 52, 0, 4.03%, 0, 0, 18, 739.72, 1070012, 2638, 0, 0
1860, 3, 779, 780, 53, 0, 4.03%, 0, 0, 18, 758.90, 1073935, 2638, 0, 0
1865, 3, 742, 781, 53, 0, 4.03%, 0, 0, 18, 746.13, 1077808, 2638, 0, 0
1870, 3, 754, 782, 54, 0, 4.03%, 0, 0, 18, 747.77, 1081723, 2638, 0, 0
1875, 3, 430, 782, 51, 0, 4.03%, 0, 0, 18, 743.41, 1085502, 2638, 0, 0
1880, 3, 260, 782, 51, 0, 4.03%, 0, 0, 18, 710.97, 1089001, 2638, 0, 0
1885, 3, 677, 783, 51, 0, 4.03%, 0, 0, 18, 693.05, 1092572, 2643, 0, 0
1890, 3, 199, 784, 50, 0, 4.04%, 0, 0, 18, 674.48, 1095911, 2645, 0, 0
1896, 3, 771, 784, 47, 0, 4.04%, 0, 0, 18, 632.00, 1099035, 2645, 0, 0
1901, 4, 278, 784, 46, 0, 4.04%, 0, 0, 18, 691.08, 1102552, 2645, 0, 0
1906, 4, 671, 784, 45, 0, 4.04%, 0, 0, 18, 725.66, 1106412, 2645, 0, 0
1911, 4, 136, 784, 43, 0, 4.04%, 0, 0, 18, 717.06, 1109902, 2645, 0, 0
1916, 4, 535, 785, 43, 0, 4.04%, 0, 0, 18, 764.67, 1113944, 2645, 0, 0
1921, 4, 517, 785, 43, 0, 4.04%, 0, 0, 18, 804.07, 1118048, 2645, 0, 0
1926, 4, 377, 785, 42, 0, 4.04%, 0, 0, 18, 747.61, 1121767, 2645, 0, 0
1931, 4, 183, 785, 41, 0, 4.04%, 0, 0, 18, 724.32, 1125571, 2645, 0, 0
1936, 4, 70, 785, 41, 0, 4.04%, 0, 0, 18, 683.12, 1129009, 2645, 0, 0
1941, 4, 666, 785, 41, 0, 4.04%, 0, 0, 18, 659.50, 1132279, 2645, 0, 0
1946, 4, 670, 785, 39, 0, 4.04%, 0, 0, 18, 696.79, 1135931, 2645, 0, 0
1952, 4, 376, 785, 36, 0, 4.04%, 0, 0, 18, 709.75, 1139581, 2645, 0, 0
1957, 4, 103, 785, 36, 0, 4.04%, 0, 0, 18, 674.33, 1142991, 2645, 0, 0
1962, 4, 578, 785, 35, 0, 4.04%, 0, 0, 18, 716.86, 1146631, 2645, 0, 0
1967, 4, 213, 785, 35, 0, 4.04%, 0, 0, 18, 730.43, 1150436, 2645, 0, 0
1972, 4, 309, 785, 35, 0, 4.04%, 0, 0, 18, 720.99, 1154022, 2645, 0, 0
1977, 4, 215, 785, 34, 0, 4.04%, 0, 0, 18, 726.21, 1157706, 2645, 0, 0
1982, 4, 516, 785, 33, 0, 4.04%, 0, 0, 18, 721.41, 1161335, 2645, 0, 0
1988, 4, 671, 785, 33, 0, 4.04%, 0, 0, 18, 649.75, 1165220, 2645, 0, 0
1993, 4, 689, 785, 33, 0, 4.04%, 0, 0, 18, 709.63, 1168958, 2645, 0, 0
1998, 4, 78, 785, 33, 0, 4.04%, 0, 0, 18, 727.18, 1172720, 2645, 0, 0
2003, 4, 232, 785, 33, 0, 4.04%, 0, 0, 18, 48.15, 1176101, 2645, 0, 0
2008, 4, 71, 786, 32, 0, 4.04%, 0, 0, 18, 476.64, 1178558, 2645, 0, 0
2013, 4, 144, 788, 32, 0, 4.04%, 0, 0, 18, 589.04, 1181824, 2646, 0, 0
2018, 4, 788, 791, 34, 0, 4.04%, 0, 0, 18, 459.09, 1184224, 2647, 0, 0
2024, 4, 782, 792, 33, 0, 4.04%, 0, 0, 18, 545.71, 1187053, 2647, 0, 0
2029, 4, 140, 792, 33, 0, 4.04%, 0, 0, 18, 628.62, 1190407, 2647, 0, 0
2036, 4, 781, 792, 33, 0, 4.04%, 0, 0, 18, 601.24, 1194626, 2647, 0, 0
2041, 4, 671, 792, 32, 0, 4.04%, 0, 0, 18, 615.91, 1197750, 2647, 0, 0
2046, 4, 646, 792, 32, 0, 4.04%, 0, 0, 18, 638.46, 1201084, 2647, 0, 0
2051, 4, 97, 792, 32, 0, 4.04%, 0, 0, 18, 606.44, 1204069, 2647, 0, 0
2055, 4, 295, 794, 34, 0, 4.04%, 0, 0, 18, 561.77, 1206450, 2647, 0, 0
