# relative_time, cycles_done, cur_item, corpus_count, pending_total, pending_favs, map_size, saved_crashes, saved_hangs, max_depth, execs_per_sec, total_execs, edges_found, total_crashes, servers_count
60, 7, 753, 799, 5, 0, 31.43%, 0, 0, 18, 29774.11, 1637433, 979, 0, 0
66, 8, 152, 804, 5, 0, 31.49%, 0, 0, 18, 30374.56, 1790105, 981, 0, 0
71, 9, 690, 812, 7, 0, 31.52%, 0, 0, 18, 31444.66, 1955273, 982, 0, 0
76, 10, 670, 818, 4, 0, 31.52%, 0, 0, 18, 32106.11, 2119755, 982, 0, 0
81, 11, 694, 826, 2, 0, 31.69%, 0, 0, 19, 30605.43, 2268800, 987, 0, 0
86, 12, 568, 834, 0, 0, 31.85%, 0, 0, 19, 31507.83, 2430526, 992, 0, 0
91, 13, 251, 837, 0, 0, 31.94%, 0, 0, 19, 30837.37, 2589168, 995, 0, 0
96, 14, 98, 837, 0, 0, 31.94%, 0, 0, 19, 33965.71, 2764494, 995, 0, 0
101, 15, 159, 837, 0, 0, 31.94%, 0, 0, 19, 32929.29, 2927681, 995, 0, 0
106, 15, 70, 841, 1, 0, 31.94%, 0, 0, 19, 29380.55, 3067246, 995, 0, 0
112, 16, 842, 843, 1, 0, 31.94%, 0, 0, 19, 33863.56, 3245823, 995, 0, 0
117, 17, 850, 854, 4, 0, 33.32%, 0, 0, 19, 30805.69, 3394147, 1038, 0, 0
122, 18, 859, 867, 12, 0, 33.32%, 0, 0, 19, 27618.80, 3536096, 1038, 0, 0
127, 19, 753, 870, 5, 0, 33.32%, 0, 0, 20, 30383.87, 3692599, 1038, 0, 0
132, 20, 709, 870, 1, 0, 33.32%, 0, 0, 20, 29766.60, 3847834, 1038, 0, 0
137, 21, 276, 870, 0, 0, 33.32%, 0, 0, 20, 32682.96, 4016309, 1038, 0, 0
142, 21, 725, 873, 2, 0, 33.32%, 0, 0, 20, 34009.94, 4187804, 1038, 0, 0
147, 22, 664, 875, 0, 0, 33.35%, 0, 0, 20, 34939.36, 4356875, 1039, 0, 0
152, 23, 663, 876, 1, 0, 33.35%, 0, 0, 20, 34008.89, 4524191, 1039, 0, 0
158, 24, 785, 876, 0, 0, 33.35%, 0, 0, 20, 36319.99, 4711943, 1039, 0, 0
163, 25, 269, 880, 2, 0, 33.42%, 0, 0, 20, 18909.99, 4891690, 1041, 0, 0
168, 26, 249, 881, 0, 0, 33.42%, 0, 0, 20, 28979.06, 5053680, 1041, 0, 0
173, 27, 797, 881, 0, 0, 33.42%, 0, 0, 20, 32062.29, 5203151, 1041, 0, 0
178, 28, 603, 882, 0, 0, 33.45%, 0, 0, 20, 33715.64, 5382383, 1042, 0, 0
183, 29, 702, 883, 0, 0, 33.45%, 0, 0, 20, 33128.97, 5545936, 1042, 0, 0
188, 30, 764, 883, 0, 0, 33.45%, 0, 0, 20, 35734.26, 5726013, 1042, 0, 0
193, 31, 847, 883, 0, 0, 33.45%, 0, 0, 20, 36669.52, 5913443, 1042, 0, 0
198, 32, 849, 887, 0, 0, 33.45%, 0, 0, 20, 35346.14, 6095001, 1042, 0, 0
204, 33, 804, 887, 0, 0, 33.45%, 0, 0, 20, 35441.87, 6271632, 1042, 0, 0
209, 34, 70, 887, 0, 0, 33.45%, 0, 0, 20, 38289.15, 6467060, 1042, 0, 0
214, 35, 227, 888, 0, 0, 33.45%, 0, 0, 20, 34211.33, 6627280, 1042, 0, 0
219, 36, 526, 890, 1, 0, 33.45%, 0, 0, 20, 35550.70, 6813643, 1042, 0, 0
224, 37, 764, 891, 0, 0, 33.45%, 0, 0, 20, 35885.21, 7001351, 1042, 0, 0
229, 38, 216, 891, 0, 0, 33.45%, 0, 0, 20, 37844.25, 7183577, 1042, 0, 0
234, 38, 826, 931, 23, 0, 33.80%, 0, 0, 20, 37126.28, 7371263, 1053, 0, 0
239, 39, 620, 933, 5, 0, 33.80%, 0, 0, 20, 35215.46, 7549272, 1053, 0, 0
245, 40, 408, 934, 0, 0, 33.80%, 0, 0, 20, 37897.79, 7738917, 1053, 0, 0
250, 41, 880, 934, 0, 0, 33.80%, 0, 0, 20, 36233.34, 7930473, 1053, 0, 0
255, 42, 851, 934, 0, 0, 33.80%, 0, 0, 20, 36732.86, 8120179, 1053, 0, 0
260, 43, 437, 935, 1, 0, 33.80%, 0, 0, 20, 36644.40, 8305395, 1053, 0, 0
265, 44, 192, 935, 1, 0, 33.80%, 0, 0, 20, 37354.38, 8488775, 1053, 0, 0
270, 45, 670, 937, 1, 0, 33.80%, 0, 0, 20, 38881.41, 8686471, 1053, 0, 0
275, 46, 856, 939, 0, 0, 33.80%, 0, 0, 20, 37773.76, 8883663, 1053, 0, 0
281, 47, 136, 939, 0, 0, 33.80%, 0, 0, 20, 39799.97, 9080330, 1053, 0, 0
286, 48, 531, 943, 1, 0, 34.06%, 0, 0, 20, 39837.34, 9286053, 1061, 0, 0
291, 49, 872, 943, 0, 0, 34.06%, 0, 0, 20, 39244.39, 9486879, 1061, 0, 0
296, 50, 70, 946, 1, 0, 34.06%, 0, 0, 20, 38981.16, 9684234, 1061, 0, 0
301, 51, 928, 946, 0, 0, 34.06%, 0, 0, 20, 39362.12, 9886936, 1061, 0, 0
306, 52, 939, 947, 1, 0, 34.06%, 0, 0, 20, 40416.68, 10096611, 1061, 0, 0
311, 53, 190, 949, 1, 0, 34.06%, 0, 0, 20, 39295.06, 10295408, 1061, 0, 0
316, 54, 688, 950, 0, 0, 34.06%, 0, 0, 20, 39742.69, 10496125, 1061, 0, 0
322, 55, 939, 950, 0, 0, 34.06%, 0, 0, 20, 39800.55, 10694740, 1061, 0, 0
327, 56, 881, 950, 0, 0, 34.06%, 0, 0, 20, 38276.45, 10883150, 1061, 0, 0
332, 57, 672, 952, 1, 0, 34.06%, 0, 0, 20, 38162.87, 11080025, 1061, 0, 0
337, 58, 818, 954, 0, 0, 34.06%, 0, 0, 20, 40288.97, 11288157, 1061, 0, 0
342, 59, 835, 954, 0, 0, 34.06%, 0, 0, 20, 39287.46, 11488543, 1061, 0, 0
347, 60, 670, 963, 2, 0, 34.32%, 0, 0, 20, 38324.58, 11687764, 1069, 0, 0
352, 61, 818, 966, 1, 0, 34.32%, 0, 0, 20, 37031.50, 11874204, 1069, 0, 0
357, 62, 714, 968, 1, 0, 34.35%, 0, 0, 20, 33979.79, 12037174, 1070, 0, 0
363, 63, 915, 968, 0, 0, 34.35%, 0, 0, 20, 37520.17, 12237577, 1070, 0, 0
368, 64, 400, 968, 0, 0, 34.35%, 0, 0, 20, 36892.62, 12424211, 1070, 0, 0
373, 65, 694, 968, 0, 0, 34.35%, 0, 0, 20, 37427.36, 12620906, 1070, 0, 0
378, 66, 223, 968, 0, 0, 34.35%, 0, 0, 20, 38583.25, 12817788, 1070, 0, 0
383, 67, 753, 970, 1, 0, 34.35%, 0, 0, 20, 38090.84, 13011787, 1070, 0, 0
388, 68, 100, 971, 1, 0, 34.35%, 0, 0, 20, 36533.92, 13196243, 1070, 0, 0
393, 69, 714, 973, 2, 0, 34.35%, 0, 0, 20, 36332.76, 13381167, 1070, 0, 0
398, 69, 836, 975, 0, 0, 34.38%, 0, 0, 20, 36808.41, 13572254, 1071, 0, 0
404, 70, 928, 976, 0, 0, 34.38%, 0, 0, 20, 37296.90, 13762034, 1071, 0, 0
409, 71, 882, 976, 0, 0, 34.38%, 0, 0, 20, 35739.98, 13943881, 1071, 0, 0
414, 72, 974, 977, 0, 0, 34.38%, 0, 0, 20, 36846.50, 14132303, 1071, 0, 0
419, 73, 68, 977, 0, 0, 34.38%, 0, 0, 20, 39271.51, 14334796, 1071, 0, 0
424, 74, 153, 978, 0, 0, 34.38%, 0, 0, 20, 40293.51, 14538799, 1071, 0, 0
429, 75, 974, 978, 0, 0, 34.38%, 0, 0, 20, 37822.95, 14730563, 1071, 0, 0
434, 76, 531, 979, 0, 0, 34.38%, 0, 0, 20, 39414.64, 14930153, 1071, 0, 0
440, 77, 950, 980, 0, 0, 34.38%, 0, 0, 20, 37080.03, 15115936, 1071, 0, 0
445, 78, 116, 984, 1, 0, 34.38%, 0, 0, 20, 38286.53, 15308375, 1071, 0, 0
450, 79, 102, 987, 0, 0, 34.38%, 0, 0, 20, 39350.52, 15511478, 1071, 0, 0
455, 80, 170, 988, 0, 0, 34.38%, 0, 0, 20, 37670.44, 15692923, 1071, 0, 0
460, 81, 759, 989, 0, 0, 34.38%, 0, 0, 20, 37317.38, 15881444, 1071, 0, 0
465, 82, 603, 989, 0, 0, 34.38%, 0, 0, 20, 36419.60, 16067149, 1071, 0, 0
470, 83, 554, 990, 1, 0, 34.38%, 0, 0, 20, 36038.49, 16260530, 1071, 0, 0
475, 84, 886, 990, 0, 0, 34.38%, 0, 0, 20, 37782.47, 16454510, 1071, 0, 0
480, 84, 928, 990, 0, 0, 34.38%, 0, 0, 20, 38216.54, 16642389, 1071, 0, 0
485, 85, 250, 990, 0, 0, 34.38%, 0, 0, 20, 37240.14, 16835923, 1071, 0, 0
490, 86, 950, 990, 0, 0, 34.38%, 0, 0, 20, 38727.53, 17031699, 1071, 0, 0
496, 87, 979, 990, 0, 0, 34.38%, 0, 0, 20, 36343.98, 17217462, 1071, 0, 0
501, 88, 970, 990, 0, 0, 34.38%, 0, 0, 20, 36896.52, 17399437, 1071, 0, 0
506, 89, 829, 990, 0, 0, 34.38%, 0, 0, 20, 36887.12, 17588430, 1071, 0, 0
511, 90, 850, 993, 0, 0, 34.38%, 0, 0, 20, 35783.67, 17767827, 1071, 0, 0
516, 91, 776, 993, 0, 0, 34.38%, 0, 0, 20, 38269.71, 17968825, 1071, 0, 0
521, 91, 850, 993, 0, 0, 34.38%, 0, 0, 20, 38031.61, 18156085, 1071, 0, 0
526, 92, 984, 994, 0, 0, 34.45%, 0, 0, 20, 40507.49, 18365539, 1073, 0, 0
531, 93, 540, 995, 0, 0, 34.45%, 0, 0, 20, 37868.81, 18559623, 1073, 0, 0
537, 94, 764, 995, 0, 0, 34.45%, 0, 0, 20, 39945.55, 18771294, 1073, 0, 0
542, 95, 990, 995, 0, 0, 34.45%, 0, 0, 20, 39869.01, 18973169, 1073, 0, 0
547, 96, 81, 995, 0, 0, 34.45%, 0, 0, 20, 39289.31, 19172952, 1073, 0, 0
552, 97, 654, 996, 0, 0, 34.45%, 0, 0, 20, 36648.55, 19363027, 1073, 0, 0
557, 98, 150, 996, 0, 0, 34.45%, 0, 0, 20, 37501.83, 19553290, 1073, 0, 0
562, 99, 852, 997, 0, 0, 34.45%, 0, 0, 20, 38257.09, 19747052, 1073, 0, 0
567, 100, 985, 997, 0, 0, 34.45%, 0, 0, 20, 39123.73, 19947800, 1073, 0, 0
572, 100, 997, 1001, 2, 0, 34.48%, 0, 0, 20, 35642.44, 20128993, 1074, 0, 0
578, 101, 964, 1001, 0, 0, 34.48%, 0, 0, 20, 36578.46, 20323655, 1074, 0, 0
583, 102, 893, 1001, 0, 0, 34.48%, 0, 0, 20, 35622.47, 20499605, 1074, 0, 0
588, 103, 889, 1001, 0, 0, 34.48%, 0, 0, 20, 35313.08, 20677628, 1074, 0, 0
593, 104, 121, 1001, 0, 0, 34.48%, 0, 0, 20, 38236.39, 20877907, 1074, 0, 0
598, 105, 437, 1001, 0, 0, 34.48%, 0, 0, 20, 36681.75, 21062823, 1074, 0, 0
603, 105, 1004, 1005, 3, 0, 34.54%, 0, 0, 20, 35101.69, 21202853, 1076, 0, 0
608, 105, 1006, 1008, 3, 0, 34.57%, 0, 0, 20, 30819.82, 21296945, 1077, 0, 0
614, 105, 1008, 1009, 2, 0, 34.57%, 0, 0, 20, 2473.20, 21370527, 1077, 0, 0
621, 106, 1011, 1012, 2, 0, 34.57%, 0, 0, 20, 22014.09, 21522780, 1077, 0, 0
626, 106, 1010, 1016, 3, 0, 34.57%, 0, 0, 20, 21436.96, 21585735, 1077, 0, 0
632, 106, 1014, 1023, 3, 0, 34.57%, 0, 0, 20, 27286.37, 21735264, 1077, 0, 0
638, 107, 64, 1023, 0, 0, 34.57%, 0, 0, 20, 29519.03, 21847072, 1077, 0, 0
643, 107, 850, 1023, 0, 0, 34.57%, 0, 0, 20, 32784.80, 22020174, 1077, 0, 0
648, 108, 421, 1027, 2, 0, 34.57%, 0, 0, 20, 33028.46, 22183864, 1077, 0, 0
653, 109, 1027, 1029, 2, 0, 34.64%, 0, 0, 20, 32813.00, 22353287, 1079, 0, 0
658, 109, 1028, 1032, 5, 0, 34.64%, 0, 0, 20, 1506.71, 22469717, 1079, 0, 0
663, 109, 654, 1032, 3, 0, 34.64%, 0, 0, 20, 25260.00, 22483944, 1079, 0, 0
669, 109, 1029, 1033, 2, 0, 34.64%, 0, 0, 20, 15600.94, 22531195, 1079, 0, 0
676, 110, 1032, 1035, 2, 0, 34.64%, 0, 0, 20, 19577.09, 22606374, 1079, 0, 0
681, 110, 1036, 1037, 2, 0, 34.64%, 0, 0, 20, 917.87, 22719349, 1079, 0, 0
686, 110, 1035, 1040, 4, 0, 34.64%, 0, 0, 20, 1236.82, 22731725, 1079, 0, 0
691, 110, 1038, 1040, 3, 0, 34.64%, 0, 0, 20, 1321.84, 22741669, 1079, 0, 0
696, 110, 423, 1041, 1, 0, 34.64%, 0, 0, 20, 34715.00, 22796281, 1079, 0, 0
701, 111, 1041, 1044, 3, 0, 34.64%, 0, 0, 20, 2687.66, 22835732, 1079, 0, 0
706, 111, 1036, 1044, 1, 0, 34.64%, 0, 0, 20, 24682.77, 22861841, 1079, 0, 0
711, 111, 731, 1045, 1, 0, 34.64%, 0, 0, 20, 29924.17, 22942603, 1079, 0, 0
717, 111, 1043, 1047, 1, 0, 34.64%, 0, 0, 20, 23281.72, 23034001, 1079, 0, 0
722, 111, 714, 1050, 0, 0, 34.64%, 0, 0, 20, 26373.38, 23124127, 1079, 0, 0
727, 112, 1041, 1050, 0, 0, 34.64%, 0, 0, 20, 1635.07, 23209531, 1079, 0, 0
732, 112, 1039, 1052, 1, 0, 34.64%, 0, 0, 20, 27997.57, 23352560, 1079, 0, 0
738, 113, 967, 1052, 0, 0, 34.64%, 0, 0, 20, 25437.89, 23451675, 1079, 0, 0
743, 113, 1043, 1052, 0, 0, 34.64%, 0, 0, 20, 1521.85, 23519924, 1079, 0, 0
748, 113, 1043, 1053, 1, 0, 34.64%, 0, 0, 20, 27305.19, 23606776, 1079, 0, 0
753, 114, 79, 1054, 1, 0, 34.64%, 0, 0, 20, 27409.12, 23704438, 1079, 0, 0
758, 114, 673, 1055, 0, 0, 34.64%, 0, 0, 20, 29266.40, 23852543, 1079, 0, 0
764, 115, 1041, 1055, 0, 0, 34.64%, 0, 0, 20, 14694.64, 23923496, 1079, 0, 0
769, 115, 824, 1056, 0, 0, 34.64%, 0, 0, 20, 32642.33, 24055710, 1079, 0, 0
774, 116, 759, 1057, 0, 0, 34.64%, 0, 0, 20, 21748.38, 24173508, 1079, 0, 0
779, 116, 1040, 1057, 0, 0, 34.64%, 0, 0, 20, 20937.52, 24297423, 1079, 0, 0
784, 117, 1056, 1057, 0, 0, 34.64%, 0, 0, 20, 33283.92, 24433857, 1079, 0, 0
789, 117, 847, 1057, 0, 0, 34.64%, 0, 0, 20, 31342.86, 24588153, 1079, 0, 0
794, 118, 95, 1058, 0, 0, 34.64%, 0, 0, 20, 30105.91, 24744231, 1079, 0, 0
800, 119, 129, 1063, 1, 0, 34.64%, 0, 0, 20, 28806.27, 24897354, 1079, 0, 0
805, 119, 124, 1064, 0, 0, 34.67%, 0, 0, 20, 28936.95, 25040275, 1080, 0, 0
810, 120, 762, 1065, 1, 0, 34.67%, 0, 0, 20, 30808.63, 25196905, 1080, 0, 0
815, 120, 576, 1066, 0, 0, 34.67%, 0, 0, 20, 31995.49, 25355727, 1080, 0, 0
820, 121, 241, 1069, 2, 0, 34.67%, 0, 0, 20, 30117.14, 25503423, 1080, 0, 0
825, 122, 823, 1069, 0, 0, 34.67%, 0, 0, 20, 29391.25, 25643557, 1080, 0, 0
830, 122, 1042, 1071, 0, 0, 34.74%, 0, 0, 20, 31382.50, 25790236, 1082, 0, 0
835, 123, 1042, 1071, 0, 0, 34.74%, 0, 0, 20, 26738.40, 25911620, 1082, 0, 0
840, 123, 714, 1073, 0, 0, 34.74%, 0, 0, 20, 21389.67, 26038655, 1082, 0, 0
845, 124, 1071, 1073, 0, 0, 34.74%, 0, 0, 20, 29890.08, 26170202, 1082, 0, 0
850, 124, 709, 1073, 0, 0, 34.74%, 0, 0, 20, 30355.10, 26309230, 1082, 0, 0
856, 125, 1073, 1074, 1, 0, 34.74%, 0, 0, 20, 15924.57, 26405821, 1082, 0, 0
861, 125, 447, 1077, 2, 0, 34.74%, 0, 0, 20, 25178.13, 26536000, 1082, 0, 0
866, 126, 554, 1082, 2, 0, 34.74%, 0, 0, 20, 28831.25, 26685778, 1082, 0, 0
871, 126, 1082, 1085, 2, 0, 34.74%, 0, 0, 20, 23208.19, 26808529, 1082, 0, 0
876, 127, 967, 1087, 0, 0, 34.74%, 0, 0, 20, 27838.79, 26958716, 1082, 0, 0
881, 127, 159, 1091, 3, 0, 34.74%, 0, 0, 20, 29596.65, 27101590, 1082, 0, 0
886, 128, 972, 1094, 3, 0, 34.74%, 0, 0, 20, 28779.53, 27237019, 1082, 0, 0
891, 128, 146, 1095, 2, 0, 34.74%, 0, 0, 20, 27213.32, 27361978, 1082, 0, 0
896, 129, 881, 1095, 0, 0, 34.74%, 0, 0, 20, 29629.75, 27512755, 1082, 0, 0
901, 129, 186, 1095, 0, 0, 34.74%, 0, 0, 20, 30397.06, 27662624, 1082, 0, 0
906, 130, 673, 1098, 2, 0, 34.74%, 0, 0, 20, 30004.92, 27802613, 1082, 0, 0
912, 130, 216, 1099, 0, 0, 34.74%, 0, 0, 20, 28886.45, 27937849, 1082, 0, 0
917, 131, 216, 1101, 1, 0, 34.74%, 0, 0, 20, 27699.53, 28072656, 1082, 0, 0
922, 131, 1007, 1101, 0, 0, 34.74%, 0, 0, 20, 28939.21, 28222517, 1082, 0, 0
927, 132, 1070, 1101, 0, 0, 34.74%, 0, 0, 20, 28173.52, 28365573, 1082, 0, 0
932, 132, 416, 1101, 0, 0, 34.74%, 0, 0, 20, 27958.87, 28494160, 1082, 0, 0
937, 133, 762, 1101, 0, 0, 34.74%, 0, 0, 20, 28548.08, 28643305, 1082, 0, 0
942, 134, 747, 1106, 1, 0, 34.74%, 0, 0, 20, 27914.63, 28776131, 1082, 0, 0
947, 134, 851, 1108, 1, 0, 34.74%, 0, 0, 20, 27477.34, 28922204, 1082, 0, 0
952, 135, 951, 1109, 1, 0, 34.74%, 0, 0, 20, 29026.99, 29068710, 1082, 0, 0
957, 135, 165, 1109, 0, 0, 34.74%, 0, 0, 20, 28325.42, 29195190, 1082, 0, 0
962, 136, 207, 1111, 1, 0, 34.74%, 0, 0, 20, 28889.49, 29339272, 1082, 0, 0
967, 136, 688, 1111, 0, 0, 34.74%, 0, 0, 20, 28170.72, 29475115, 1082, 0, 0
973, 137, 1107, 1112, 1, 0, 34.74%, 0, 0, 20, 29706.58, 29629599, 1082, 0, 0
978, 137, 612, 1112, 0, 0, 34.74%, 0, 0, 20, 31066.10, 29757741, 1082, 0, 0
983, 138, 928, 1112, 0, 0, 34.74%, 0, 0, 20, 28576.79, 29902174, 1082, 0, 0
988, 138, 1037, 1112, 0, 0, 34.74%, 0, 0, 20, 30972.95, 30060373, 1082, 0, 0
993, 139, 670, 1118, 1, 0, 34.74%, 0, 0, 20, 30167.27, 30208757, 1082, 0, 0
998, 140, 1113, 1118, 1, 0, 34.74%, 0, 0, 20, 29624.97, 30358336, 1082, 0, 0
1003, 140, 725, 1118, 0, 0, 34.74%, 0, 0, 20, 25645.32, 30484633, 1082, 0, 0
1008, 141, 1118, 1120, 2, 0, 34.74%, 0, 0, 20, 28102.54, 30629765, 1082, 0, 0
1013, 141, 725, 1120, 0, 0, 34.74%, 0, 0, 20, 30013.28, 30760257, 1082, 0, 0
1018, 142, 893, 1120, 0, 0, 34.74%, 0, 0, 20, 30795.33, 30894728, 1082, 0, 0
1024, 142, 864, 1120, 0, 0, 34.74%, 0, 0, 20, 30137.42, 31046666, 1082, 0, 0
1029, 143, 688, 1122, 1, 0, 34.74%, 0, 0, 20, 31096.95, 31186829, 1082, 0, 0
1034, 143, 1114, 1122, 0, 0, 34.74%, 0, 0, 20, 27009.76, 31276405, 1082, 0, 0
1039, 144, 940, 1122, 0, 0, 34.74%, 0, 0, 20, 30037.41, 31429957, 1082, 0, 0
1044, 144, 776, 1122, 0, 0, 34.74%, 0, 0, 20, 28145.10, 31567975, 1082, 0, 0
1049, 145, 178, 1123, 0, 0, 34.80%, 0, 0, 20, 27961.90, 31703576, 1084, 0, 0
1054, 145, 522, 1123, 0, 0, 34.80%, 0, 0, 20, 28846.04, 31843642, 1084, 0, 0
1059, 146, 300, 1123, 0, 0, 34.80%, 0, 0, 20, 37487.92, 31980702, 1084, 0, 0
1065, 146, 928, 1123, 0, 0, 34.80%, 0, 0, 20, 31711.77, 32130003, 1084, 0, 0
1070, 147, 456, 1123, 0, 0, 34.80%, 0, 0, 20, 30948.24, 32284282, 1084, 0, 0
1075, 147, 106, 1123, 0, 0, 34.80%, 0, 0, 20, 30311.00, 32436323, 1084, 0, 0
1080, 148, 1122, 1126, 1, 0, 34.80%, 0, 0, 20, 2763.04, 32552917, 1084, 0, 0
1085, 148, 818, 1126, 0, 0, 34.80%, 0, 0, 20, 36896.08, 32698209, 1084, 0, 0
1090, 149, 1037, 1126, 0, 0, 34.80%, 0, 0, 20, 33349.87, 32863000, 1084, 0, 0
1095, 149, 603, 1128, 1, 0, 34.86%, 0, 0, 20, 32359.67, 33027275, 1086, 0, 0
1100, 150, 899, 1129, 0, 0, 34.90%, 0, 0, 20, 29357.19, 33170006, 1087, 0, 0
1106, 150, 1123, 1132, 1, 0, 34.93%, 0, 0, 20, 1455.48, 33289205, 1088, 0, 0
1111, 151, 688, 1133, 0, 0, 34.93%, 0, 0, 20, 28578.72, 33446069, 1088, 0, 0
1116, 151, 1130, 1133, 0, 0, 34.93%, 0, 0, 20, 29643.48, 33596589, 1088, 0, 0
1121, 152, 847, 1135, 1, 0, 34.99%, 0, 0, 20, 32832.91, 33740319, 1090, 0, 0
1126, 152, 1094, 1136, 1, 0, 35.02%, 0, 0, 20, 29775.44, 33888120, 1091, 0, 0
1131, 152, 1027, 1136, 0, 0, 35.02%, 0, 0, 20, 30571.03, 34043266, 1091, 0, 0
1136, 153, 559, 1136, 0, 0, 35.02%, 0, 0, 20, 28370.54, 34174124, 1091, 0, 0
1141, 153, 985, 1136, 0, 0, 35.02%, 0, 0, 20, 10415.00, 34318913, 1091, 0, 0
1147, 154, 457, 1136, 0, 0, 35.02%, 0, 0, 20, 28103.01, 34483175, 1091, 0, 0
1152, 154, 1041, 1137, 0, 0, 35.02%, 0, 0, 20, 29369.68, 34634441, 1091, 0, 0
1157, 155, 1119, 1137, 0, 0, 35.02%, 0, 0, 20, 28013.77, 34777129, 1091, 0, 0
1162, 155, 1040, 1137, 0, 0, 35.02%, 0, 0, 20, 29553.00, 34920583, 1091, 0, 0
1167, 156, 823, 1137, 0, 0, 35.02%, 0, 0, 20, 30590.67, 35060930, 1091, 0, 0
1172, 156, 903, 1137, 0, 0, 35.02%, 0, 0, 20, 29947.74, 35202145, 1091, 0, 0
1177, 157, 1135, 1137, 0, 0, 35.02%, 0, 0, 20, 29479.36, 35351579, 1091, 0, 0
1182, 157, 1137, 1140, 3, 0, 35.02%, 0, 0, 20, 4680.94, 35445042, 1091, 0, 0
1188, 157, 1139, 1140, 1, 0, 35.02%, 0, 0, 20, 3423.88, 35571210, 1091, 0, 0
1194, 158, 416, 1142, 0, 0, 35.02%, 0, 0, 20, 33073.05, 35732966, 1091, 0, 0
1199, 158, 670, 1143, 1, 0, 35.02%, 0, 0, 20, 33763.87, 35869748, 1091, 0, 0
1204, 159, 960, 1144, 0, 0, 35.02%, 0, 0, 20, 35103.01, 36001637, 1091, 0, 0
1209, 159, 1122, 1146, 2, 0, 35.02%, 0, 0, 20, 27312.12, 36127261, 1091, 0, 0
1214, 159, 879, 1151, 3, 0, 35.09%, 0, 0, 20, 27875.05, 36270905, 1093, 0, 0
1219, 160, 423, 1153, 0, 0, 35.09%, 0, 0, 20, 28996.87, 36413309, 1093, 0, 0
1224, 160, 1151, 1155, 1, 0, 35.09%, 0, 0, 20, 35420.95, 36537986, 1093, 0, 0
1229, 161, 173, 1155, 0, 0, 35.09%, 0, 0, 20, 30460.93, 36678983, 1093, 0, 0
1234, 161, 192, 1155, 0, 0, 35.09%, 0, 0, 20, 29615.37, 36819789, 1093, 0, 0
1240, 162, 1127, 1155, 0, 0, 35.09%, 0, 0, 20, 30341.88, 36962915, 1093, 0, 0
1245, 162, 943, 1156, 0, 0, 35.09%, 0, 0, 20, 28379.90, 37092557, 1093, 0, 0
1250, 162, 1135, 1157, 0, 0, 35.09%, 0, 0, 20, 30026.28, 37246943, 1093, 0, 0
1255, 163, 847, 1157, 0, 0, 35.09%, 0, 0, 20, 30817.51, 37399444, 1093, 0, 0
1260, 163, 852, 1161, 2, 0, 35.09%, 0, 0, 21, 28476.36, 37544510, 1093, 0, 0
1265, 164, 190, 1161, 1, 0, 35.09%, 0, 0, 21, 33572.09, 37689211, 1093, 0, 0
1270, 164, 1114, 1162, 1, 0, 35.09%, 0, 0, 21, 31602.37, 37833614, 1093, 0, 0
1275, 165, 150, 1162, 1, 0, 35.09%, 0, 0, 21, 32508.39, 38001593, 1093, 0, 0
1280, 166, 850, 1162, 1, 0, 35.09%, 0, 0, 21, 31828.55, 38164341, 1093, 0, 0
1286, 166, 476, 1163, 1, 0, 35.12%, 0, 0, 21, 30673.60, 38311226, 1094, 0, 0
1291, 166, 1162, 1164, 1, 0, 35.12%, 0, 0, 21, 29283.58, 38448209, 1094, 0, 0
1296, 167, 1162, 1167, 2, 0, 35.12%, 0, 0, 21, 30345.61, 38601875, 1094, 0, 0
1301, 167, 670, 1170, 2, 0, 35.12%, 0, 0, 21, 29659.41, 38746684, 1094, 0, 0
1306, 168, 976, 1170, 0, 0, 35.12%, 0, 0, 21, 31050.98, 38887411, 1094, 0, 0
1311, 168, 392, 1170, 0, 0, 35.12%, 0, 0, 21, 29900.34, 39040205, 1094, 0, 0
1316, 169, 997, 1170, 0, 0, 35.12%, 0, 0, 21, 29966.08, 39195308, 1094, 0, 0
1321, 169, 1072, 1171, 1, 0, 35.12%, 0, 0, 21, 26899.53, 39328567, 1094, 0, 0
1326, 170, 457, 1171, 0, 0, 35.12%, 0, 0, 21, 26583.22, 39417268, 1094, 0, 0
1332, 170, 943, 1171, 0, 0, 35.12%, 0, 0, 21, 31171.42, 39582617, 1094, 0, 0
1337, 171, 847, 1171, 0, 0, 35.12%, 0, 0, 21, 29407.45, 39727018, 1094, 0, 0
1342, 171, 1150, 1171, 0, 0, 35.12%, 0, 0, 21, 30471.80, 39883003, 1094, 0, 0
1347, 171, 1155, 1171, 0, 0, 35.12%, 0, 0, 21, 26690.34, 40008766, 1094, 0, 0
1352, 172, 607, 1173, 1, 0, 35.12%, 0, 0, 21, 29480.77, 40142850, 1094, 0, 0
1357, 172, 482, 1173, 1, 0, 35.12%, 0, 0, 21, 28399.31, 40285787, 1094, 0, 0
1362, 173, 1174, 1177, 3, 0, 35.12%, 0, 0, 22, 25367.43, 40396903, 1094, 0, 0
1368, 173, 690, 1178, 0, 0, 35.12%, 0, 0, 23, 27386.30, 40537284, 1094, 0, 0
1373, 174, 81, 1178, 0, 0, 35.12%, 0, 0, 23, 28914.84, 40684532, 1094, 0, 0
1378, 174, 792, 1178, 0, 0, 35.12%, 0, 0, 23, 30255.46, 40841454, 1094, 0, 0
1383, 174, 654, 1178, 0, 0, 35.12%, 0, 0, 23, 27620.58, 40969504, 1094, 0, 0
1388, 175, 947, 1178, 0, 0, 35.12%, 0, 0, 23, 28788.29, 41112221, 1094, 0, 0
1393, 175, 928, 1178, 0, 0, 35.12%, 0, 0, 23, 28698.58, 41256327, 1094, 0, 0
1398, 176, 416, 1178, 0, 0, 35.12%, 0, 0, 23, 28169.57, 41396819, 1094, 0, 0
1403, 176, 1162, 1178, 0, 0, 35.12%, 0, 0, 23, 27388.53, 41530133, 1094, 0, 0
1409, 177, 596, 1178, 0, 0, 35.12%, 0, 0, 23, 30425.45, 41688109, 1094, 0, 0
1414, 177, 1154, 1178, 0, 0, 35.12%, 0, 0, 23, 30057.97, 41825248, 1094, 0, 0
1419, 178, 725, 1179, 1, 0, 35.12%, 0, 0, 23, 30266.61, 41954235, 1094, 0, 0
1424, 178, 603, 1179, 0, 0, 35.12%, 0, 0, 23, 28869.31, 42097914, 1094, 0, 0
1429, 179, 1175, 1181, 1, 0, 35.12%, 0, 0, 25, 27212.84, 42232946, 1094, 0, 0
1434, 179, 584, 1181, 0, 0, 35.12%, 0, 0, 25, 29034.33, 42374280, 1094, 0, 0
1439, 180, 1177, 1181, 0, 0, 35.12%, 0, 0, 25, 29780.74, 42519682, 1094, 0, 0
1444, 180, 1089, 1181, 0, 0, 35.12%, 0, 0, 25, 29749.83, 42657992, 1094, 0, 0
1449, 181, 647, 1181, 0, 0, 35.12%, 0, 0, 25, 29374.94, 42803582, 1094, 0, 0
1454, 181, 654, 1181, 0, 0, 35.12%, 0, 0, 25, 29856.19, 42945700, 1094, 0, 0
1459, 182, 1122, 1181, 0, 0, 35.12%, 0, 0, 25, 31626.09, 43105078, 1094, 0, 0
1464, 182, 421, 1181, 0, 0, 35.12%, 0, 0, 25, 29383.80, 43248885, 1094, 0, 0
1469, 183, 1002, 1181, 0, 0, 35.12%, 0, 0, 25, 28439.11, 43395071, 1094, 0, 0
1474, 183, 851, 1181, 0, 0, 35.12%, 0, 0, 25, 29338.59, 43541606, 1094, 0, 0
1480, 184, 690, 1181, 0, 0, 35.12%, 0, 0, 25, 28952.20, 43686340, 1094, 0, 0
1485, 184, 482, 1181, 0, 0, 35.12%, 0, 0, 25, 27546.43, 43826515, 1094, 0, 0
1490, 185, 1007, 1181, 0, 0, 35.12%, 0, 0, 25, 25245.61, 43955028, 1094, 0, 0
1495, 185, 1150, 1181, 0, 0, 35.12%, 0, 0, 25, 25955.84, 44087033, 1094, 0, 0
1500, 186, 823, 1181, 0, 0, 35.12%, 0, 0, 25, 26920.36, 44224589, 1094, 0, 0
1505, 186, 1127, 1181, 0, 0, 35.12%, 0, 0, 25, 27436.26, 44359644, 1094, 0, 0
1510, 187, 884, 1181, 0, 0, 35.12%, 0, 0, 25, 26905.68, 44497802, 1094, 0, 0
1515, 187, 1135, 1181, 0, 0, 35.12%, 0, 0, 25, 28790.31, 44639678, 1094, 0, 0
1520, 188, 1128, 1183, 1, 0, 35.12%, 0, 0, 25, 29009.28, 44780008, 1094, 0, 0
1525, 188, 1135, 1184, 0, 0, 35.12%, 0, 0, 25, 26612.42, 44892402, 1094, 0, 0
1531, 188, 1040, 1184, 0, 0, 35.12%, 0, 0, 25, 26920.26, 45026838, 1094, 0, 0
1536, 189, 531, 1184, 0, 0, 35.12%, 0, 0, 25, 28751.77, 45173226, 1094, 0, 0
1541, 189, 470, 1184, 0, 0, 35.12%, 0, 0, 25, 27208.78, 45309971, 1094, 0, 0
1546, 190, 997, 1184, 0, 0, 35.12%, 0, 0, 25, 27075.96, 45453616, 1094, 0, 0
1551, 190, 928, 1184, 0, 0, 35.12%, 0, 0, 25, 28435.41, 45592687, 1094, 0, 0
1556, 191, 374, 1184, 0, 0, 35.12%, 0, 0, 25, 28015.44, 45737375, 1094, 0, 0
1561, 191, 1162, 1184, 0, 0, 35.12%, 0, 0, 25, 29356.28, 45883293, 1094, 0, 0
1567, 192, 880, 1185, 1, 0, 35.12%, 0, 0, 25, 26678.23, 46018818, 1094, 0, 0
1572, 192, 974, 1185, 0, 0, 35.12%, 0, 0, 25, 27086.50, 46157955, 1094, 0, 0
1577, 193, 1184, 1188, 3, 0, 35.12%, 0, 0, 25, 28647.36, 46313701, 1094, 0, 0
1582, 193, 1043, 1188, 1, 0, 35.12%, 0, 0, 25, 1580.46, 46423237, 1094, 0, 0
1587, 193, 1184, 1188, 0, 0, 35.12%, 0, 0, 25, 24472.95, 46539572, 1094, 0, 0
1592, 194, 967, 1189, 0, 0, 35.15%, 0, 0, 25, 26011.02, 46674382, 1095, 0, 0
1597, 194, 1188, 1189, 0, 0, 35.15%, 0, 0, 25, 26625.64, 46808102, 1095, 0, 0
1602, 195, 100, 1189, 0, 0, 35.15%, 0, 0, 25, 26364.37, 46943410, 1095, 0, 0
1607, 195, 572, 1189, 0, 0, 35.15%, 0, 0, 25, 26146.04, 47076049, 1095, 0, 0
1612, 195, 1187, 1190, 1, 0, 35.15%, 0, 0, 25, 21861.06, 47172321, 1095, 0, 0
1618, 196, 954, 1190, 0, 0, 35.15%, 0, 0, 25, 25912.82, 47301568, 1095, 0, 0
1623, 196, 482, 1190, 0, 0, 35.15%, 0, 0, 25, 27000.13, 47432234, 1095, 0, 0
1628, 197, 1188, 1190, 0, 0, 35.15%, 0, 0, 25, 27864.62, 47574531, 1095, 0, 0
1633, 197, 1187, 1190, 0, 0, 35.15%, 0, 0, 25, 26479.23, 47711064, 1095, 0, 0
1638, 198, 1192, 1194, 4, 0, 35.15%, 0, 0, 25, 22525.06, 47826799, 1095, 0, 0
1644, 198, 1191, 1194, 2, 0, 35.15%, 0, 0, 25, 23799.61, 47945981, 1095, 0, 0
1651, 198, 1195, 1196, 2, 0, 35.15%, 0, 0, 25, 24543.78, 48078113, 1095, 0, 0
1656, 198, 70, 1196, 0, 0, 35.15%, 0, 0, 25, 24661.23, 48175874, 1095, 0, 0
1661, 199, 979, 1196, 0, 0, 35.15%, 0, 0, 25, 26712.47, 48312491, 1095, 0, 0
1666, 199, 251, 1197, 1, 0, 35.15%, 0, 0, 25, 25813.33, 48436208, 1095, 0, 0
1671, 200, 1072, 1198, 0, 0, 35.15%, 0, 0, 25, 27601.81, 48577520, 1095, 0, 0
1676, 200, 1072, 1198, 0, 0, 35.15%, 0, 0, 25, 26884.52, 48711495, 1095, 0, 0
1681, 200, 116, 1198, 0, 0, 35.15%, 0, 0, 25, 33938.36, 48836567, 1095, 0, 0
1686, 201, 1188, 1198, 0, 0, 35.15%, 0, 0, 25, 28319.33, 48973038, 1095, 0, 0
1692, 201, 675, 1198, 0, 0, 35.15%, 0, 0, 25, 28935.00, 49111015, 1095, 0, 0
1697, 202, 1188, 1198, 0, 0, 35.15%, 0, 0, 25, 26893.69, 49242142, 1095, 0, 0
1702, 202, 1194, 1202, 4, 0, 35.15%, 0, 0, 25, 24304.23, 49354268, 1095, 0, 0
1708, 202, 1201, 1202, 3, 0, 35.15%, 0, 0, 25, 21444.83, 49440506, 1095, 0, 0
1714, 202, 1198, 1202, 1, 0, 35.15%, 0, 0, 25, 20165.09, 49511598, 1095, 0, 0
1719, 203, 1038, 1202, 0, 0, 35.15%, 0, 0, 25, 25350.42, 49655463, 1095, 0, 0
1724, 203, 1188, 1202, 0, 0, 35.15%, 0, 0, 25, 25135.92, 49783355, 1095, 0, 0
1729, 204, 1188, 1204, 2, 0, 35.15%, 0, 0, 25, 27523.59, 49924982, 1095, 0, 0
1734, 204, 1042, 1205, 1, 0, 35.15%, 0, 0, 25, 27330.40, 50064616, 1095, 0, 0
1739, 205, 351, 1206, 1, 0, 35.15%, 0, 0, 25, 26904.63, 50192407, 1095, 0, 0
1744, 205, 205, 1207, 1, 0, 35.15%, 0, 0, 25, 25072.92, 50318253, 1095, 0, 0
1751, 205, 1208, 1209, 3, 0, 35.15%, 0, 0, 26, 23302.84, 50418840, 1095, 0, 0
1756, 206, 847, 1209, 1, 0, 35.15%, 0, 0, 26, 28216.54, 50562412, 1095, 0, 0
1761, 206, 421, 1209, 1, 0, 35.15%, 0, 0, 26, 26999.14, 50691318, 1095, 0, 0
1766, 207, 1188, 1210, 1, 0, 35.15%, 0, 0, 26, 28052.51, 50809047, 1095, 0, 0
1771, 207, 1209, 1210, 1, 0, 35.15%, 0, 0, 26, 26872.22, 50942992, 1095, 0, 0
1776, 207, 531, 1210, 0, 0, 35.15%, 0, 0, 26, 26383.66, 51074745, 1095, 0, 0
1781, 208, 797, 1210, 0, 0, 35.15%, 0, 0, 26, 26753.74, 51203949, 1095, 0, 0
1786, 208, 1013, 1211, 0, 0, 35.15%, 0, 0, 26, 24965.72, 51322353, 1095, 0, 0
1791, 209, 1016, 1211, 0, 0, 35.15%, 0, 0, 26, 27631.45, 51462598, 1095, 0, 0
1797, 209, 974, 1211, 0, 0, 35.15%, 0, 0, 26, 28508.94, 51605710, 1095, 0, 0
1802, 210, 1162, 1211, 0, 0, 35.15%, 0, 0, 26, 27176.73, 51741312, 1095, 0, 0
1807, 210, 1027, 1211, 0, 0, 35.15%, 0, 0, 26, 27519.36, 51882552, 1095, 0, 0
1812, 210, 1084, 1211, 0, 0, 35.15%, 0, 0, 26, 25164.40, 52006624, 1095, 0, 0
1817, 211, 1002, 1212, 0, 0, 35.15%, 0, 0, 26, 25512.61, 52138669, 1095, 0, 0
1822, 211, 154, 1212, 0, 0, 35.15%, 0, 0, 26, 28559.21, 52291173, 1095, 0, 0
1827, 212, 1122, 1212, 0, 0, 35.15%, 0, 0, 26, 27658.74, 52427963, 1095, 0, 0
1832, 212, 803, 1212, 0, 0, 35.15%, 0, 0, 26, 30057.59, 52578071, 1095, 0, 0
1837, 213, 536, 1212, 0, 0, 35.15%, 0, 0, 26, 23912.76, 52700478, 1095, 0, 0
1843, 213, 1195, 1212, 0, 0, 35.15%, 0, 0, 26, 28702.08, 52839921, 1095, 0, 0
1848, 214, 68, 1212, 0, 0, 35.15%, 0, 0, 26, 28135.95, 52978012, 1095, 0, 0
1853, 214, 78, 1212, 0, 0, 35.15%, 0, 0, 26, 29416.72, 53131010, 1095, 0, 0
1858, 215, 851, 1212, 0, 0, 35.15%, 0, 0, 26, 28113.30, 53274008, 1095, 0, 0
1863, 215, 670, 1212, 0, 0, 35.15%, 0, 0, 26, 26682.00, 53402633, 1095, 0, 0
1868, 215, 852, 1212, 0, 0, 35.15%, 0, 0, 26, 25988.01, 53530683, 1095, 0, 0
1873, 216, 967, 1212, 0, 0, 35.15%, 0, 0, 26, 26665.03, 53664602, 1095, 0, 0
1878, 216, 851, 1212, 0, 0, 35.15%, 0, 0, 26, 26849.80, 53802672, 1095, 0, 0
1883, 217, 877, 1212, 0, 0, 35.15%, 0, 0, 26, 26613.47, 53933379, 1095, 0, 0
1889, 217, 943, 1214, 1, 0, 35.15%, 0, 0, 26, 27574.77, 54079988, 1095, 0, 0
1894, 218, 1018, 1214, 0, 0, 35.15%, 0, 0, 26, 26437.47, 54199074, 1095, 0, 0
1899, 218, 1145, 1214, 0, 0, 35.15%, 0, 0, 26, 28278.52, 54341401, 1095, 0, 0
1904, 219, 709, 1216, 0, 0, 35.15%, 0, 0, 26, 29299.92, 54477777, 1095, 0, 0
1909, 219, 922, 1216, 0, 0, 35.15%, 0, 0, 26, 27679.84, 54605231, 1095, 0, 0
1914, 219, 763, 1216, 0, 0, 35.15%, 0, 0, 26, 28306.24, 54749520, 1095, 0, 0
1919, 220, 400, 1219, 1, 0, 35.15%, 0, 0, 26, 28666.71, 54901209, 1095, 0, 0
1924, 220, 1057, 1219, 0, 0, 35.15%, 0, 0, 26, 24955.47, 55023982, 1095, 0, 0
1929, 220, 542, 1222, 1, 0, 35.22%, 0, 0, 26, 23291.34, 55132624, 1097, 0, 0
1935, 221, 847, 1223, 1, 0, 35.22%, 0, 0, 26, 26603.16, 55255219, 1097, 0, 0
1940, 221, 398, 1226, 3, 0, 35.22%, 0, 0, 26, 24785.12, 55382254, 1097, 0, 0
1945, 221, 829, 1227, 2, 0, 35.22%, 0, 0, 26, 24911.39, 55489264, 1097, 0, 0
1950, 222, 1203, 1228, 1, 0, 35.22%, 0, 0, 26, 25208.51, 55604839, 1097, 0, 0
1955, 222, 1040, 1229, 1, 0, 35.22%, 0, 0, 26, 26943.88, 55748062, 1097, 0, 0
1960, 222, 943, 1230, 1, 0, 35.22%, 0, 0, 27, 31837.91, 55850666, 1097, 0, 0
1965, 223, 1014, 1230, 0, 0, 35.22%, 0, 0, 27, 26216.11, 55950838, 1097, 0, 0
1971, 223, 603, 1231, 0, 0, 35.22%, 0, 0, 27, 26599.90, 56085658, 1097, 0, 0
1976, 223, 1208, 1231, 0, 0, 35.22%, 0, 0, 27, 25729.47, 56210415, 1097, 0, 0
1981, 224, 1229, 1232, 1, 0, 35.22%, 0, 0, 27, 26353.76, 56342142, 1097, 0, 0
1986, 224, 1214, 1232, 1, 0, 35.22%, 0, 0, 27, 27131.35, 56482936, 1097, 0, 0
1991, 225, 922, 1238, 4, 0, 35.22%, 0, 0, 27, 23085.53, 56587148, 1097, 0, 0
1996, 225, 1214, 1238, 1, 0, 35.22%, 0, 0, 27, 23977.57, 56661000, 1097, 0, 0
2001, 225, 804, 1239, 1, 0, 35.22%, 0, 0, 27, 27809.54, 56789850, 1097, 0, 0
2006, 225, 1208, 1239, 0, 0, 35.22%, 0, 0, 27, 25282.62, 56898841, 1097, 0, 0
2011, 226, 714, 1239, 0, 0, 35.22%, 0, 0, 27, 24238.43, 57018479, 1097, 0, 0
2016, 226, 986, 1239, 0, 0, 35.22%, 0, 0, 27, 25887.26, 57149730, 1097, 0, 0
2022, 226, 541, 1239, 0, 0, 35.22%, 0, 0, 27, 20558.11, 57273115, 1097, 0, 0
2027, 227, 1123, 1239, 0, 0, 35.22%, 0, 0, 27, 21915.11, 57386310, 1097, 0, 0
2032, 227, 1234, 1239, 0, 0, 35.22%, 0, 0, 27, 22046.13, 57502403, 1097, 0, 0
2037, 227, 1209, 1239, 0, 0, 35.22%, 0, 0, 27, 21911.16, 57613181, 1097, 0, 0
2042, 228, 1220, 1239, 0, 0, 35.22%, 0, 0, 27, 25998.77, 57751166, 1097, 0, 0
2047, 228, 543, 1239, 0, 0, 35.22%, 0, 0, 27, 26833.31, 57890440, 1097, 0, 0
2052, 229, 421, 1239, 0, 0, 35.22%, 0, 0, 27, 25144.01, 58019440, 1097, 0, 0
2057, 229, 967, 1239, 0, 0, 35.22%, 0, 0, 27, 25502.30, 58155171, 1097, 0, 0
2063, 229, 1220, 1240, 1, 0, 35.22%, 0, 0, 27, 29528.57, 58274091, 1097, 0, 0
2068, 230, 1007, 1241, 1, 0, 35.22%, 0, 0, 27, 26537.31, 58368672, 1097, 0, 0
2073, 230, 850, 1243, 0, 0, 35.22%, 0, 0, 27, 21373.76, 58450168, 1097, 0, 0
2078, 230, 472, 1243, 0, 0, 35.22%, 0, 0, 27, 20974.01, 58555319, 1097, 0, 0
2083, 231, 1228, 1243, 0, 0, 35.22%, 0, 0, 27, 24018.56, 58685124, 1097, 0, 0
2088, 231, 1114, 1243, 0, 0, 35.22%, 0, 0, 27, 26754.73, 58823367, 1097, 0, 0
2093, 231, 340, 1244, 0, 0, 35.22%, 0, 0, 27, 27206.09, 58965697, 1097, 0, 0
2098, 232, 100, 1244, 0, 0, 35.22%, 0, 0, 27, 25315.63, 59084993, 1097, 0, 0
2104, 232, 1162, 1244, 0, 0, 35.22%, 0, 0, 27, 22344.14, 59210854, 1097, 0, 0
2109, 232, 1214, 1244, 0, 0, 35.22%, 0, 0, 27, 24998.64, 59342537, 1097, 0, 0
2114, 233, 1220, 1245, 1, 0, 35.22%, 0, 0, 27, 25453.03, 59475172, 1097, 0, 0
2119, 233, 1220, 1245, 1, 0, 35.22%, 0, 0, 27, 25881.65, 59594048, 1097, 0, 0
2124, 233, 77, 1245, 1, 0, 35.22%, 0, 0, 27, 26172.08, 59709041, 1097, 0, 0
2129, 234, 928, 1245, 1, 0, 35.22%, 0, 0, 27, 25149.98, 59834390, 1097, 0, 0
2134, 234, 1220, 1245, 1, 0, 35.22%, 0, 0, 27, 24887.05, 59963720, 1097, 0, 0
2139, 235, 421, 1245, 0, 0, 35.22%, 0, 0, 27, 28221.86, 60078857, 1097, 0, 0
2144, 235, 1072, 1245, 0, 0, 35.22%, 0, 0, 27, 21431.63, 60168953, 1097, 0, 0
2150, 235, 1223, 1245, 0, 0, 35.22%, 0, 0, 27, 26526.37, 60309497, 1097, 0, 0
2155, 236, 638, 1245, 0, 0, 35.22%, 0, 0, 27, 26450.49, 60442611, 1097, 0, 0
2160, 236, 1137, 1246, 0, 0, 35.22%, 0, 0, 27, 26148.67, 60573026, 1097, 0, 0
2165, 236, 943, 1246, 0, 0, 35.22%, 0, 0, 27, 23052.60, 60688389, 1097, 0, 0
2170, 237, 91, 1246, 0, 0, 35.22%, 0, 0, 27, 27076.33, 60828821, 1097, 0, 0
2175, 237, 1213, 1246, 0, 0, 35.22%, 0, 0, 27, 26393.11, 60953616, 1097, 0, 0
2180, 238, 969, 1246, 0, 0, 35.22%, 0, 0, 27, 23242.00, 61073523, 1097, 0, 0
2185, 238, 1036, 1246, 0, 0, 35.22%, 0, 0, 27, 24218.55, 61198739, 1097, 0, 0
2190, 238, 823, 1246, 0, 0, 35.22%, 0, 0, 27, 27798.34, 61329948, 1097, 0, 0
2196, 239, 1162, 1246, 0, 0, 35.22%, 0, 0, 27, 26757.36, 61464022, 1097, 0, 0
2201, 239, 1229, 1246, 0, 0, 35.22%, 0, 0, 27, 24512.28, 61583263, 1097, 0, 0
2206, 240, 851, 1246, 0, 0, 35.22%, 0, 0, 27, 22579.21, 61700962, 1097, 0, 0
2211, 240, 1041, 1247, 0, 0, 35.22%, 0, 0, 27, 22587.36, 61795669, 1097, 0, 0
2216, 240, 850, 1247, 0, 0, 35.22%, 0, 0, 27, 21728.45, 61920051, 1097, 0, 0
2222, 240, 1151, 1247, 0, 0, 35.22%, 0, 0, 27, 24516.05, 62035964, 1097, 0, 0
2227, 241, 1220, 1247, 0, 0, 35.22%, 0, 0, 27, 25678.46, 62164006, 1097, 0, 0
2232, 241, 1230, 1247, 0, 0, 35.22%, 0, 0, 27, 24452.13, 62286116, 1097, 0, 0
2237, 242, 510, 1247, 0, 0, 35.22%, 0, 0, 27, 24094.60, 62405375, 1097, 0, 0
2242, 242, 986, 1247, 0, 0, 35.22%, 0, 0, 27, 23582.54, 62525015, 1097, 0, 0
2247, 242, 785, 1247, 0, 0, 35.22%, 0, 0, 27, 27357.31, 62668147, 1097, 0, 0
2252, 243, 1043, 1247, 0, 0, 35.22%, 0, 0, 27, 27427.78, 62803212, 1097, 0, 0
2257, 243, 254, 1247, 0, 0, 35.22%, 0, 0, 27, 27067.14, 62941944, 1097, 0, 0
2262, 244, 173, 1247, 0, 0, 35.22%, 0, 0, 27, 27164.21, 63076823, 1097, 0, 0
2267, 244, 1218, 1247, 0, 0, 35.22%, 0, 0, 27, 27070.02, 63211369, 1097, 0, 0
2272, 244, 1188, 1247, 0, 0, 35.22%, 0, 0, 27, 26606.32, 63345564, 1097, 0, 0
2277, 245, 1239, 1247, 0, 0, 35.22%, 0, 0, 27, 28281.82, 63490887, 1097, 0, 0
2282, 245, 1000, 1247, 0, 0, 35.22%, 0, 0, 27, 25604.14, 63612465, 1097, 0, 0
2287, 246, 1043, 1247, 0, 0, 35.22%, 0, 0, 27, 24167.21, 63724675, 1097, 0, 0
2293, 246, 1241, 1247, 0, 0, 35.22%, 0, 0, 27, 26380.70, 63859895, 1097, 0, 0
2298, 246, 1220, 1247, 0, 0, 35.22%, 0, 0, 27, 25570.12, 63990631, 1097, 0, 0
2303, 247, 997, 1247, 0, 0, 35.22%, 0, 0, 27, 27043.76, 64126442, 1097, 0, 0
2308, 247, 1214, 1247, 0, 0, 35.22%, 0, 0, 27, 25790.23, 64256755, 1097, 0, 0
2313, 247, 1183, 1247, 0, 0, 35.22%, 0, 0, 27, 26512.52, 64389199, 1097, 0, 0
2318, 248, 1235, 1247, 0, 0, 35.22%, 0, 0, 27, 24194.36, 64514729, 1097, 0, 0
2323, 248, 1127, 1247, 0, 0, 35.22%, 0, 0, 27, 22597.49, 64630578, 1097, 0, 0
2329, 249, 993, 1247, 0, 0, 35.22%, 0, 0, 27, 25157.22, 64761809, 1097, 0, 0
2334, 249, 835, 1247, 0, 0, 35.22%, 0, 0, 27, 25472.34, 64885398, 1097, 0, 0
2339, 249, 1140, 1247, 0, 0, 35.22%, 0, 0, 27, 27036.79, 65019840, 1097, 0, 0
2344, 250, 197, 1247, 0, 0, 35.22%, 0, 0, 27, 24889.61, 65157632, 1097, 0, 0
2349, 250, 1243, 1247, 0, 0, 35.22%, 0, 0, 27, 27396.29, 65288459, 1097, 0, 0
2354, 251, 1224, 1247, 0, 0, 35.22%, 0, 0, 27, 28236.11, 65430076, 1097, 0, 0
2360, 251, 1247, 1248, 1, 0, 35.22%, 0, 0, 27, 3317.17, 65531123, 1097, 0, 0
2365, 251, 190, 1248, 0, 0, 35.22%, 0, 0, 27, 30061.21, 65663376, 1097, 0, 0
2370, 252, 851, 1248, 0, 0, 35.22%, 0, 0, 27, 26350.26, 65790867, 1097, 0, 0
2375, 252, 90, 1248, 0, 0, 35.22%, 0, 0, 27, 25915.30, 65917799, 1097, 0, 0
2380, 252, 1134, 1248, 0, 0, 35.22%, 0, 0, 27, 26499.38, 66052151, 1097, 0, 0
2385, 253, 1224, 1248, 0, 0, 35.22%, 0, 0, 27, 28132.82, 66194419, 1097, 0, 0
2390, 253, 688, 1249, 1, 0, 35.22%, 0, 0, 27, 26304.85, 66315920, 1097, 0, 0
2395, 254, 178, 1249, 0, 0, 35.22%, 0, 0, 27, 26432.06, 66439417, 1097, 0, 0
2400, 254, 1096, 1249, 0, 0, 35.22%, 0, 0, 27, 25739.90, 66572285, 1097, 0, 0
2405, 254, 1127, 1249, 0, 0, 35.22%, 0, 0, 27, 26623.99, 66707722, 1097, 0, 0
2410, 255, 709, 1249, 0, 0, 35.22%, 0, 0, 27, 24849.96, 66827130, 1097, 0, 0
2415, 255, 456, 1249, 0, 0, 35.22%, 0, 0, 27, 28021.46, 66963650, 1097, 0, 0
2420, 256, 373, 1249, 0, 0, 35.22%, 0, 0, 27, 34097.47, 67098911, 1097, 0, 0
2425, 256, 596, 1249, 0, 0, 35.22%, 0, 0, 27, 27909.14, 67226370, 1097, 0, 0
2431, 256, 14, 1249, 0, 0, 35.22%, 0, 0, 27, 27524.71, 67359780, 1097, 0, 0
2436, 257, 1132, 1249, 0, 0, 35.22%, 0, 0, 27, 27007.14, 67494509, 1097, 0, 0
2441, 257, 1214, 1249, 0, 0, 35.22%, 0, 0, 27, 26719.66, 67623081, 1097, 0, 0
2446, 258, 68, 1249, 0, 0, 35.22%, 0, 0, 27, 26226.37, 67752718, 1097, 0, 0
2451, 258, 1036, 1250, 1, 0, 35.22%, 0, 0, 28, 23835.08, 67868425, 1097, 0, 0
2456, 258, 1094, 1250, 1, 0, 35.22%, 0, 0, 28, 25654.36, 68002877, 1097, 0, 0
2462, 259, 1250, 1252, 2, 0, 35.22%, 0, 0, 29, 25507.18, 68103401, 1097, 0, 0
2467, 259, 1038, 1252, 1, 0, 35.22%, 0, 0, 29, 23890.02, 68223901, 1097, 0, 0
2472, 259, 725, 1252, 0, 0, 35.22%, 0, 0, 29, 23901.08, 68334662, 1097, 0, 0
2477, 260, 850, 1252, 0, 0, 35.22%, 0, 0, 29, 26805.29, 68468299, 1097, 0, 0
2482, 260, 797, 1252, 0, 0, 35.22%, 0, 0, 29, 25165.98, 68593544, 1097, 0, 0
2487, 260, 653, 1253, 1, 0, 35.22%, 0, 0, 29, 26467.00, 68720090, 1097, 0, 0
2492, 261, 1234, 1253, 1, 0, 35.22%, 0, 0, 29, 26684.93, 68855025, 1097, 0, 0
2498, 261, 1038, 1254, 1, 0, 35.22%, 0, 0, 29, 25563.51, 68985707, 1097, 0, 0
2503, 262, 475, 1254, 0, 0, 35.22%, 0, 0, 29, 27234.55, 69123236, 1097, 0, 0
2508, 262, 1039, 1255, 0, 0, 35.22%, 0, 0, 29, 24279.02, 69247920, 1097, 0, 0
2513, 262, 207, 1255, 0, 0, 35.22%, 0, 0, 29, 25545.80, 69371409, 1097, 0, 0
2518, 263, 116, 1255, 0, 0, 35.22%, 0, 0, 29, 23544.87, 69492183, 1097, 0, 0
2523, 263, 1180, 1255, 0, 0, 35.22%, 0, 0, 29, 24959.74, 69627192, 1097, 0, 0
2528, 264, 984, 1255, 0, 0, 35.22%, 0, 0, 29, 23390.25, 69747230, 1097, 0, 0
2533, 264, 170, 1255, 0, 0, 35.22%, 0, 0, 29, 26777.86, 69891782, 1097, 0, 0
2538, 265, 880, 1255, 0, 0, 35.22%, 0, 0, 29, 27348.86, 70028959, 1097, 0, 0
2543, 265, 603, 1255, 0, 0, 35.22%, 0, 0, 29, 26333.97, 70152888, 1097, 0, 0
2549, 265, 192, 1255, 0, 0, 35.22%, 0, 0, 29, 27487.39, 70290656, 1097, 0, 0
2554, 266, 1122, 1255, 0, 0, 35.22%, 0, 0, 29, 26085.65, 70419335, 1097, 0, 0
2559, 266, 804, 1255, 0, 0, 35.22%, 0, 0, 29, 26717.65, 70551436, 1097, 0, 0
2564, 267, 1152, 1255, 0, 0, 35.22%, 0, 0, 29, 26054.57, 70680421, 1097, 0, 0
2569, 267, 967, 1255, 0, 0, 35.22%, 0, 0, 29, 26724.74, 70819082, 1097, 0, 0
2574, 267, 893, 1255, 0, 0, 35.22%, 0, 0, 29, 28710.88, 70974295, 1097, 0, 0
2579, 268, 1188, 1255, 0, 0, 35.22%, 0, 0, 29, 7237.67, 71110893, 1097, 0, 0
2584, 268, 1217, 1255, 0, 0, 35.22%, 0, 0, 29, 29612.49, 71241628, 1097, 0, 0
2589, 269, 603, 1255, 0, 0, 35.22%, 0, 0, 29, 24873.21, 71361613, 1097, 0, 0
2595, 269, 1162, 1255, 0, 0, 35.22%, 0, 0, 29, 25545.36, 71487720, 1097, 0, 0
2600, 269, 1245, 1255, 0, 0, 35.22%, 0, 0, 29, 25166.94, 71617786, 1097, 0, 0
2605, 270, 985, 1255, 0, 0, 35.22%, 0, 0, 29, 24998.27, 71744754, 1097, 0, 0
2610, 270, 714, 1255, 0, 0, 35.22%, 0, 0, 29, 21574.13, 71870689, 1097, 0, 0
2615, 271, 1240, 1255, 0, 0, 35.22%, 0, 0, 29, 27087.59, 72017332, 1097, 0, 0
2620, 271, 823, 1255, 0, 0, 35.22%, 0, 0, 29, 24962.05, 72141669, 1097, 0, 0
2625, 271, 1220, 1256, 0, 0, 35.22%, 0, 0, 29, 24765.72, 72271697, 1097, 0, 0
2630, 272, 1041, 1256, 0, 0, 35.22%, 0, 0, 29, 27058.80, 72412030, 1097, 0, 0
2635, 272, 578, 1256, 0, 0, 35.22%, 0, 0, 29, 27887.80, 72551296, 1097, 0, 0
2640, 273, 979, 1256, 0, 0, 35.22%, 0, 0, 29, 27957.39, 72687414, 1097, 0, 0
2646, 273, 759, 1256, 0, 0, 35.22%, 0, 0, 29, 26511.57, 72822420, 1097, 0, 0
2651, 274, 688, 1256, 0, 0, 35.22%, 0, 0, 29, 27906.94, 72959190, 1097, 0, 0
2656, 274, 1042, 1256, 0, 0, 35.22%, 0, 0, 29, 28920.42, 73104623, 1097, 0, 0
2661, 274, 1040, 1256, 0, 0, 35.22%, 0, 0, 29, 25238.46, 73222111, 1097, 0, 0
2666, 275, 128, 1256, 0, 0, 35.22%, 0, 0, 29, 26663.12, 73363296, 1097, 0, 0
2671, 275, 173, 1256, 0, 0, 35.22%, 0, 0, 29, 25175.08, 73482575, 1097, 0, 0
2676, 276, 1224, 1256, 0, 0, 35.22%, 0, 0, 29, 25174.01, 73614002, 1097, 0, 0
2681, 276, 1190, 1256, 0, 0, 35.22%, 0, 0, 29, 26981.63, 73748716, 1097, 0, 0
2687, 277, 374, 1256, 0, 0, 35.22%, 0, 0, 29, 26565.41, 73886058, 1097, 0, 0
2692, 277, 967, 1256, 0, 0, 35.22%, 0, 0, 29, 27857.16, 74031795, 1097, 0, 0
2697, 277, 1028, 1256, 0, 0, 35.22%, 0, 0, 29, 28135.00, 74174815, 1097, 0, 0
2702, 278, 785, 1256, 0, 0, 35.22%, 0, 0, 29, 27338.77, 74311388, 1097, 0, 0
2707, 278, 847, 1256, 0, 0, 35.22%, 0, 0, 29, 24670.24, 74437580, 1097, 0, 0
2712, 279, 1227, 1256, 0, 0, 35.22%, 0, 0, 29, 27040.77, 74583944, 1097, 0, 0
2717, 279, 886, 1256, 0, 0, 35.22%, 0, 0, 29, 27813.32, 74724042, 1097, 0, 0
2722, 280, 216, 1256, 0, 0, 35.22%, 0, 0, 29, 27018.31, 74857154, 1097, 0, 0
2727, 280, 482, 1256, 0, 0, 35.22%, 0, 0, 29, 27226.87, 74988992, 1097, 0, 0
2732, 280, 827, 1256, 0, 0, 35.22%, 0, 0, 29, 28047.79, 75128721, 1097, 0, 0
2737, 281, 240, 1256, 0, 0, 35.22%, 0, 0, 29, 29189.07, 75279034, 1097, 0, 0
2742, 281, 850, 1256, 0, 0, 35.22%, 0, 0, 29, 28790.67, 75422062, 1097, 0, 0
2748, 282, 154, 1256, 0, 0, 35.22%, 0, 0, 29, 27428.62, 75557642, 1097, 0, 0
2753, 282, 707, 1256, 0, 0, 35.22%, 0, 0, 29, 24798.50, 75673299, 1097, 0, 0
2758, 283, 822, 1256, 0, 0, 35.22%, 0, 0, 29, 30932.51, 75809106, 1097, 0, 0
2763, 283, 576, 1256, 0, 0, 35.22%, 0, 0, 29, 32086.57, 75936330, 1097, 0, 0
2768, 283, 709, 1256, 0, 0, 35.22%, 0, 0, 29, 6232.47, 76055560, 1097, 0, 0
2773, 284, 1220, 1256, 0, 0, 35.22%, 0, 0, 29, 26003.29, 76192602, 1097, 0, 0
2778, 284, 928, 1256, 0, 0, 35.22%, 0, 0, 29, 28670.25, 76335602, 1097, 0, 0
2783, 285, 835, 1256, 0, 0, 35.22%, 0, 0, 29, 26225.30, 76461443, 1097, 0, 0
2788, 285, 1226, 1256, 0, 0, 35.22%, 0, 0, 29, 25593.80, 76590655, 1097, 0, 0
2793, 285, 585, 1256, 0, 0, 35.22%, 0, 0, 29, 27683.82, 76726765, 1097, 0, 0
2798, 286, 785, 1256, 0, 0, 35.22%, 0, 0, 29, 29022.87, 76870821, 1097, 0, 0
2803, 286, 81, 1256, 0, 0, 35.22%, 0, 0, 29, 29588.90, 77022248, 1097, 0, 0
2809, 287, 875, 1256, 0, 0, 35.22%, 0, 0, 29, 28496.26, 77166131, 1097, 0, 0
2814, 287, 1147, 1256, 0, 0, 35.22%, 0, 0, 29, 31733.58, 77308076, 1097, 0, 0
2819, 288, 1152, 1257, 1, 0, 35.22%, 0, 0, 29, 27565.17, 77441452, 1097, 0, 0
2824, 288, 943, 1257, 0, 0, 35.22%, 0, 0, 29, 25803.35, 77567252, 1097, 0, 0
2829, 289, 997, 1257, 0, 0, 35.22%, 0, 0, 29, 27782.34, 77703542, 1097, 0, 0
2834, 289, 677, 1258, 1, 0, 35.22%, 0, 0, 29, 29969.97, 77859328, 1097, 0, 0
2839, 289, 950, 1258, 0, 0, 35.22%, 0, 0, 29, 30258.53, 78012372, 1097, 0, 0
2844, 290, 1027, 1258, 0, 0, 35.22%, 0, 0, 29, 25750.92, 78147777, 1097, 0, 0
2849, 290, 476, 1258, 0, 0, 35.22%, 0, 0, 29, 26090.24, 78280612, 1097, 0, 0
2854, 291, 1245, 1258, 0, 0, 35.22%, 0, 0, 29, 29091.81, 78433574, 1097, 0, 0
2860, 291, 1232, 1261, 1, 0, 35.22%, 0, 0, 29, 28271.41, 78569571, 1097, 0, 0
2865, 292, 90, 1261, 0, 0, 35.22%, 0, 0, 29, 39171.07, 78699021, 1097, 0, 0
2870, 292, 850, 1261, 0, 0, 35.22%, 0, 0, 29, 31180.68, 78843308, 1097, 0, 0
2875, 292, 587, 1261, 0, 0, 35.22%, 0, 0, 29, 36727.72, 78965933, 1097, 0, 0
2880, 293, 1188, 1261, 0, 0, 35.22%, 0, 0, 29, 29992.86, 79099910, 1097, 0, 0
2885, 293, 457, 1261, 0, 0, 35.22%, 0, 0, 29, 29356.48, 79232541, 1097, 0, 0
2890, 294, 818, 1261, 0, 0, 35.22%, 0, 0, 29, 27200.24, 79362037, 1097, 0, 0
2895, 294, 564, 1261, 0, 0, 35.22%, 0, 0, 29, 28567.84, 79485479, 1097, 0, 0
2900, 294, 1036, 1261, 0, 0, 35.22%, 0, 0, 29, 26137.14, 79620902, 1097, 0, 0
2905, 295, 847, 1261, 0, 0, 35.22%, 0, 0, 29, 27395.48, 79761266, 1097, 0, 0
2911, 295, 122, 1261, 0, 0, 35.22%, 0, 0, 29, 28035.23, 79904586, 1097, 0, 0
2916, 296, 129, 1261, 0, 0, 35.22%, 0, 0, 29, 28581.59, 80035440, 1097, 0, 0
2921, 296, 838, 1261, 0, 0, 35.22%, 0, 0, 29, 28648.41, 80177515, 1097, 0, 0
2926, 297, 320, 1261, 0, 0, 35.22%, 0, 0, 29, 5083.34, 80306331, 1097, 0, 0
2931, 297, 818, 1261, 0, 0, 35.22%, 0, 0, 29, 27512.01, 80444255, 1097, 0, 0
2936, 297, 1220, 1262, 0, 0, 35.22%, 0, 0, 29, 24926.92, 80536415, 1097, 0, 0
2941, 298, 847, 1262, 0, 0, 35.22%, 0, 0, 29, 25504.91, 80665915, 1097, 0, 0
2946, 298, 704, 1263, 0, 0, 35.22%, 0, 0, 29, 24872.40, 80784567, 1097, 0, 0
2951, 298, 967, 1263, 0, 0, 35.22%, 0, 0, 29, 16126.76, 80879900, 1097, 0, 0
2956, 299, 1214, 1263, 0, 0, 35.22%, 0, 0, 29, 24118.94, 81009237, 1097, 0, 0
2961, 299, 1128, 1263, 0, 0, 35.22%, 0, 0, 29, 26068.83, 81148205, 1097, 0, 0
2966, 300, 1220, 1263, 0, 0, 35.22%, 0, 0, 29, 25412.68, 81277405, 1097, 0, 0
2972, 300, 1117, 1263, 0, 0, 35.22%, 0, 0, 29, 28897.09, 81429100, 1097, 0, 0
2977, 301, 1255, 1263, 0, 0, 35.22%, 0, 0, 29, 32762.01, 81574891, 1097, 0, 0
2982, 301, 220, 1263, 0, 0, 35.22%, 0, 0, 29, 26854.77, 81703568, 1097, 0, 0
2987, 301, 1180, 1263, 0, 0, 35.22%, 0, 0, 29, 26552.37, 81836631, 1097, 0, 0
2992, 302, 1162, 1263, 0, 0, 35.22%, 0, 0, 29, 32134.50, 81966593, 1097, 0, 0
2997, 302, 571, 1263, 0, 0, 35.22%, 0, 0, 29, 26947.24, 82109627, 1097, 0, 0
3002, 303, 1233, 1263, 0, 0, 35.22%, 0, 0, 29, 11268.94, 82226604, 1097, 0, 0
3007, 303, 982, 1263, 0, 0, 35.22%, 0, 0, 29, 25194.05, 82363523, 1097, 0, 0
3012, 303, 205, 1263, 0, 0, 35.22%, 0, 0, 29, 26452.00, 82498137, 1097, 0, 0
3018, 304, 654, 1263, 0, 0, 35.22%, 0, 0, 29, 27440.69, 82629901, 1097, 0, 0
3023, 304, 585, 1263, 0, 0, 35.22%, 0, 0, 29, 30872.01, 82774847, 1097, 0, 0
3028, 305, 979, 1263, 0, 0, 35.22%, 0, 0, 29, 28778.46, 82918743, 1097, 0, 0
3033, 305, 360, 1263, 0, 0, 35.22%, 0, 0, 29, 31195.52, 83081746, 1097, 0, 0
3038, 306, 1189, 1263, 0, 0, 35.22%, 0, 0, 29, 28806.28, 83227258, 1097, 0, 0
3043, 306, 1214, 1263, 0, 0, 35.22%, 0, 0, 29, 29040.50, 83372165, 1097, 0, 0
3049, 307, 1228, 1263, 0, 0, 35.22%, 0, 0, 29, 27338.81, 83506946, 1097, 0, 0
3054, 307, 122, 1263, 0, 0, 35.22%, 0, 0, 29, 26622.78, 83643033, 1097, 0, 0
3059, 307, 1247, 1263, 0, 0, 35.22%, 0, 0, 29, 28290.84, 83783576, 1097, 0, 0
3064, 308, 1231, 1263, 0, 0, 35.22%, 0, 0, 29, 26985.30, 83923253, 1097, 0, 0
3069, 308, 54, 1263, 0, 0, 35.22%, 0, 0, 29, 29977.52, 84050858, 1097, 0, 0
3074, 309, 1122, 1263, 0, 0, 35.22%, 0, 0, 29, 30352.82, 84183681, 1097, 0, 0
3079, 309, 344, 1263, 0, 0, 35.22%, 0, 0, 29, 27074.65, 84314923, 1097, 0, 0
3084, 309, 1180, 1264, 1, 0, 35.22%, 0, 0, 29, 26107.34, 84447377, 1097, 0, 0
3089, 310, 1114, 1264, 0, 0, 35.22%, 0, 0, 29, 26324.42, 84546171, 1097, 0, 0
3095, 310, 939, 1264, 0, 0, 35.22%, 0, 0, 29, 26580.81, 84663447, 1097, 0, 0
3100, 311, 847, 1264, 0, 0, 35.22%, 0, 0, 29, 28067.54, 84802626, 1097, 0, 0
3105, 311, 1031, 1264, 0, 0, 35.22%, 0, 0, 29, 27866.09, 84939807, 1097, 0, 0
3110, 311, 1050, 1264, 0, 0, 35.22%, 0, 0, 29, 26962.08, 85071334, 1097, 0, 0
3115, 312, 709, 1264, 0, 0, 35.22%, 0, 0, 29, 28772.48, 85225122, 1097, 0, 0
3120, 312, 410, 1264, 0, 0, 35.22%, 0, 0, 29, 27491.69, 85362025, 1097, 0, 0
3125, 313, 1012, 1264, 0, 0, 35.22%, 0, 0, 29, 28893.14, 85513200, 1097, 0, 0
3131, 313, 1043, 1264, 0, 0, 35.22%, 0, 0, 29, 24498.16, 85642360, 1097, 0, 0
3136, 314, 159, 1264, 0, 0, 35.22%, 0, 0, 29, 23481.86, 85762876, 1097, 0, 0
3141, 314, 369, 1264, 0, 0, 35.22%, 0, 0, 29, 25889.77, 85898026, 1097, 0, 0
3146, 314, 426, 1264, 0, 0, 35.22%, 0, 0, 29, 28134.02, 86041801, 1097, 0, 0
3151, 315, 823, 1264, 0, 0, 35.22%, 0, 0, 29, 27821.12, 86182245, 1097, 0, 0
3156, 315, 716, 1264, 0, 0, 35.22%, 0, 0, 29, 28777.97, 86338217, 1097, 0, 0
3161, 316, 126, 1264, 0, 0, 35.22%, 0, 0, 29, 27570.17, 86475036, 1097, 0, 0
3166, 316, 835, 1264, 0, 0, 35.22%, 0, 0, 29, 28243.24, 86615765, 1097, 0, 0
3171, 317, 804, 1264, 0, 0, 35.22%, 0, 0, 29, 29630.57, 86768822, 1097, 0, 0
3177, 317, 416, 1264, 0, 0, 35.22%, 0, 0, 29, 27663.48, 86899383, 1097, 0, 0
3182, 318, 1246, 1264, 0, 0, 35.22%, 0, 0, 29, 29399.69, 87021758, 1097, 0, 0
3187, 318, 709, 1264, 0, 0, 35.22%, 0, 0, 29, 29011.36, 87172473, 1097, 0, 0
3192, 318, 985, 1264, 0, 0, 35.22%, 0, 0, 29, 28389.61, 87316542, 1097, 0, 0
3199, 319, 1264, 1265, 1, 0, 35.22%, 0, 0, 29, 25999.91, 87453076, 1097, 0, 0
3204, 319, 482, 1265, 0, 0, 35.22%, 0, 0, 29, 26825.62, 87578822, 1097, 0, 0
3209, 319, 1146, 1266, 0, 0, 35.22%, 0, 0, 29, 23992.87, 87666404, 1097, 0, 0
3214, 320, 718, 1266, 0, 0, 35.22%, 0, 0, 29, 25818.75, 87796649, 1097, 0, 0
3219, 320, 1043, 1266, 0, 0, 35.22%, 0, 0, 29, 28108.88, 87938947, 1097, 0, 0
3224, 321, 672, 1266, 0, 0, 35.22%, 0, 0, 29, 29470.14, 88070914, 1097, 0, 0
3229, 321, 1188, 1266, 0, 0, 35.22%, 0, 0, 29, 30705.27, 88212436, 1097, 0, 0
3235, 322, 87, 1266, 0, 0, 35.22%, 0, 0, 29, 29480.75, 88363834, 1097, 0, 0
3240, 322, 847, 1266, 0, 0, 35.22%, 0, 0, 29, 27603.18, 88499685, 1097, 0, 0
3245, 322, 423, 1266, 0, 0, 35.22%, 0, 0, 29, 29008.69, 88642162, 1097, 0, 0
3250, 323, 400, 1266, 0, 0, 35.22%, 0, 0, 29, 25215.41, 88761720, 1097, 0, 0
3255, 323, 518, 1266, 0, 0, 35.22%, 0, 0, 29, 25990.48, 88892554, 1097, 0, 0
3260, 324, 398, 1266, 0, 0, 35.22%, 0, 0, 29, 28298.40, 89033939, 1097, 0, 0
3265, 324, 140, 1266, 0, 0, 35.22%, 0, 0, 29, 27376.68, 89170631, 1097, 0, 0
3270, 325, 893, 1266, 0, 0, 35.22%, 0, 0, 29, 26137.68, 89293992, 1097, 0, 0
3275, 325, 1250, 1268, 1, 0, 35.25%, 0, 0, 30, 21993.62, 89376184, 1098, 0, 0
3281, 325, 1267, 1269, 2, 0, 35.25%, 0, 0, 31, 24276.38, 89507483, 1098, 0, 0
3288, 325, 1269, 1271, 2, 0, 35.25%, 0, 0, 31, 21114.42, 89598652, 1098, 0, 0
3293, 326, 123, 1271, 0, 0, 35.25%, 0, 0, 31, 23463.20, 89710186, 1098, 0, 0
3298, 326, 1220, 1271, 0, 0, 35.25%, 0, 0, 31, 24119.46, 89826673, 1098, 0, 0
3303, 326, 1214, 1271, 0, 0, 35.25%, 0, 0, 31, 25703.98, 89959163, 1098, 0, 0
3308, 327, 456, 1271, 0, 0, 35.25%, 0, 0, 31, 22373.13, 90091826, 1098, 0, 0
3313, 327, 837, 1271, 0, 0, 35.25%, 0, 0, 31, 28156.25, 90233864, 1098, 0, 0
3318, 328, 986, 1271, 0, 0, 35.25%, 0, 0, 31, 26625.92, 90364924, 1098, 0, 0
3323, 328, 1137, 1271, 0, 0, 35.25%, 0, 0, 31, 26201.02, 90497833, 1098, 0, 0
3329, 328, 1266, 1272, 1, 0, 35.25%, 0, 0, 31, 25929.63, 90630196, 1098, 0, 0
3334, 329, 410, 1272, 1, 0, 35.25%, 0, 0, 31, 29616.44, 90747302, 1098, 0, 0
3339, 329, 1131, 1272, 1, 0, 35.25%, 0, 0, 31, 26458.19, 90871406, 1098, 0, 0
3344, 330, 967, 1272, 0, 0, 35.25%, 0, 0, 31, 25846.43, 91000592, 1098, 0, 0
3349, 330, 1272, 1273, 1, 0, 35.25%, 0, 0, 31, 25679.50, 91126668, 1098, 0, 0
3354, 330, 967, 1273, 0, 0, 35.25%, 0, 0, 31, 25799.99, 91257944, 1098, 0, 0
3359, 331, 979, 1273, 0, 0, 35.25%, 0, 0, 31, 24361.01, 91381640, 1098, 0, 0
3364, 331, 928, 1273, 0, 0, 35.25%, 0, 0, 31, 12052.97, 91503558, 1098, 0, 0
3369, 332, 1266, 1273, 0, 0, 35.25%, 0, 0, 31, 24136.13, 91643573, 1098, 0, 0
3374, 332, 924, 1273, 0, 0, 35.25%, 0, 0, 31, 25284.54, 91772413, 1098, 0, 0
3379, 332, 1150, 1273, 0, 0, 35.25%, 0, 0, 31, 27376.41, 91912247, 1098, 0, 0
3385, 333, 1163, 1273, 0, 0, 35.25%, 0, 0, 31, 28741.41, 92061108, 1098, 0, 0
3390, 333, 1188, 1273, 0, 0, 35.25%, 0, 0, 31, 27993.99, 92201539, 1098, 0, 0
3395, 334, 400, 1273, 0, 0, 35.25%, 0, 0, 31, 26480.30, 92316433, 1098, 0, 0
3400, 334, 423, 1273, 0, 0, 35.25%, 0, 0, 31, 25084.66, 92439505, 1098, 0, 0
3405, 335, 456, 1273, 0, 0, 35.25%, 0, 0, 31, 28523.78, 92589858, 1098, 0, 0
3410, 335, 254, 1273, 0, 0, 35.25%, 0, 0, 31, 25469.05, 92704474, 1098, 0, 0
3415, 335, 1201, 1273, 0, 0, 35.25%, 0, 0, 31, 27261.18, 92835699, 1098, 0, 0
3420, 336, 1122, 1273, 0, 0, 35.25%, 0, 0, 31, 24820.81, 92951998, 1098, 0, 0
3425, 336, 1074, 1273, 0, 0, 35.25%, 0, 0, 31, 28939.39, 93081419, 1098, 0, 0
3430, 337, 1134, 1273, 0, 0, 35.25%, 0, 0, 31, 23337.83, 93209663, 1098, 0, 0
3435, 337, 1265, 1273, 0, 0, 35.25%, 0, 0, 31, 25467.42, 93342883, 1098, 0, 0
3441, 337, 1038, 1274, 0, 0, 35.25%, 0, 0, 31, 24824.03, 93429851, 1098, 0, 0
3446, 338, 482, 1274, 0, 0, 35.25%, 0, 0, 31, 28007.56, 93573416, 1098, 0, 0
3451, 338, 1214, 1274, 0, 0, 35.25%, 0, 0, 31, 26920.15, 93702898, 1098, 0, 0
3456, 338, 1105, 1274, 0, 0, 35.25%, 0, 0, 31, 26411.59, 93836789, 1098, 0, 0
3461, 339, 1204, 1274, 0, 0, 35.25%, 0, 0, 31, 26628.61, 93970458, 1098, 0, 0
3466, 339, 259, 1274, 0, 0, 35.25%, 0, 0, 31, 25997.10, 94092975, 1098, 0, 0
3471, 340, 1162, 1274, 0, 0, 35.25%, 0, 0, 31, 27060.45, 94211170, 1098, 0, 0
3476, 340, 1002, 1274, 0, 0, 35.25%, 0, 0, 31, 25786.47, 94327302, 1098, 0, 0
3481, 340, 1042, 1274, 0, 0, 35.25%, 0, 0, 31, 28243.36, 94460761, 1098, 0, 0
3486, 341, 405, 1274, 0, 0, 35.25%, 0, 0, 31, 26898.53, 94588575, 1098, 0, 0
3491, 341, 1200, 1274, 0, 0, 35.25%, 0, 0, 31, 28669.69, 94732310, 1098, 0, 0
3497, 342, 1037, 1274, 0, 0, 35.25%, 0, 0, 31, 26396.76, 94866762, 1098, 0, 0
3502, 342, 851, 1274, 0, 0, 35.25%, 0, 0, 31, 26331.23, 94990938, 1098, 0, 0
3507, 342, 250, 1274, 0, 0, 35.25%, 0, 0, 31, 25609.34, 95119923, 1098, 0, 0
3512, 343, 1161, 1274, 0, 0, 35.25%, 0, 0, 31, 24534.72, 95244921, 1098, 0, 0
3517, 343, 198, 1274, 0, 0, 35.25%, 0, 0, 31, 24560.17, 95369169, 1098, 0, 0
3522, 344, 409, 1274, 0, 0, 35.25%, 0, 0, 31, 28037.90, 95493619, 1098, 0, 0
3527, 344, 264, 1274, 0, 0, 35.25%, 0, 0, 31, 27052.57, 95629162, 1098, 0, 0
3532, 344, 850, 1274, 0, 0, 35.25%, 0, 0, 31, 26733.35, 95753208, 1098, 0, 0
3537, 345, 1235, 1274, 0, 0, 35.25%, 0, 0, 31, 27319.15, 95895619, 1098, 0, 0
3542, 345, 1266, 1275, 1, 0, 35.25%, 0, 0, 31, 26349.87, 96032604, 1098, 0, 0
3548, 346, 1093, 1275, 0, 0, 35.25%, 0, 0, 31, 31305.00, 96149450, 1098, 0, 0
3553, 346, 1266, 1275, 0, 0, 35.25%, 0, 0, 31, 30576.35, 96289287, 1098, 0, 0
3558, 347, 596, 1275, 0, 0, 35.25%, 0, 0, 31, 28361.83, 96424009, 1098, 0, 0
3563, 347, 165, 1275, 0, 0, 35.25%, 0, 0, 31, 33551.87, 96556160, 1098, 0, 0
3568, 347, 638, 1275, 0, 0, 35.25%, 0, 0, 31, 26753.16, 96675544, 1098, 0, 0
3574, 348, 1275, 1276, 1, 0, 35.25%, 0, 0, 31, 29038.90, 96770517, 1098, 0, 0
3579, 348, 1266, 1278, 1, 0, 35.25%, 0, 0, 31, 27405.39, 96849108, 1098, 0, 0
3584, 348, 986, 1278, 0, 0, 35.25%, 0, 0, 31, 25291.91, 96939566, 1098, 0, 0
3589, 348, 953, 1278, 0, 0, 35.25%, 0, 0, 31, 26311.01, 97069690, 1098, 0, 0
3594, 349, 1043, 1278, 0, 0, 35.25%, 0, 0, 31, 24404.12, 97186691, 1098, 0, 0
3599, 349, 852, 1278, 0, 0, 35.25%, 0, 0, 31, 24787.66, 97313922, 1098, 0, 0
3604, 350, 818, 1278, 0, 0, 35.25%, 0, 0, 31, 26176.70, 97434943, 1098, 0, 0
3610, 350, 186, 1279, 1, 0, 35.25%, 0, 0, 31, 19941.34, 97568043, 1098, 0, 0
3615, 350, 1266, 1279, 0, 0, 35.25%, 0, 0, 31, 23688.51, 97659129, 1098, 0, 0
3620, 351, 1279, 1280, 1, 0, 35.25%, 0, 0, 31, 23153.13, 97751624, 1098, 0, 0
3625, 351, 97, 1280, 0, 0, 35.25%, 0, 0, 31, 24254.20, 97874192, 1098, 0, 0
3630, 351, 804, 1280, 0, 0, 35.25%, 0, 0, 31, 27076.19, 98007601, 1098, 0, 0
3635, 352, 616, 1281, 0, 0, 35.25%, 0, 0, 31, 29837.81, 98142383, 1098, 0, 0
3640, 352, 773, 1281, 0, 0, 35.25%, 0, 0, 31, 25046.96, 98253481, 1098, 0, 0
3645, 352, 995, 1281, 0, 0, 35.25%, 0, 0, 31, 23526.14, 98370216, 1098, 0, 0
3651, 353, 1041, 1281, 0, 0, 35.25%, 0, 0, 31, 23900.59, 98493072, 1098, 0, 0
3656, 353, 421, 1281, 0, 0, 35.25%, 0, 0, 31, 24637.84, 98615384, 1098, 0, 0
3662, 354, 1281, 1282, 1, 0, 35.25%, 0, 0, 31, 25890.00, 98759317, 1098, 0, 0
3667, 354, 476, 1282, 0, 0, 35.25%, 0, 0, 31, 25559.63, 98884169, 1098, 0, 0
3672, 354, 1279, 1282, 0, 0, 35.25%, 0, 0, 31, 25259.67, 99010664, 1098, 0, 0
3677, 355, 1069, 1282, 0, 0, 35.25%, 0, 0, 31, 24123.47, 99133727, 1098, 0, 0
3682, 355, 1014, 1282, 0, 0, 35.25%, 0, 0, 31, 23737.07, 99254721, 1098, 0, 0
3687, 356, 1266, 1282, 0, 0, 35.25%, 0, 0, 31, 25671.22, 99383483, 1098, 0, 0
3692, 356, 1246, 1282, 0, 0, 35.25%, 0, 0, 31, 23724.08, 99499562, 1098, 0, 0
3698, 356, 1266, 1282, 0, 0, 35.25%, 0, 0, 31, 24731.32, 99631714, 1098, 0, 0
3703, 357, 654, 1282, 0, 0, 35.25%, 0, 0, 31, 25812.31, 99763945, 1098, 0, 0
3708, 357, 835, 1282, 0, 0, 35.25%, 0, 0, 31, 26972.70, 99901751, 1098, 0, 0
3713, 357, 1188, 1282, 0, 0, 35.25%, 0, 0, 31, 24591.62, 100016647, 1098, 0, 0
3718, 358, 1114, 1282, 0, 0, 35.25%, 0, 0, 31, 24135.84, 100145999, 1098, 0, 0
3723, 358, 223, 1282, 0, 0, 35.25%, 0, 0, 31, 24666.47, 100269694, 1098, 0, 0
3728, 359, 165, 1282, 0, 0, 35.25%, 0, 0, 31, 27371.37, 100407948, 1098, 0, 0
3733, 359, 1266, 1282, 0, 0, 35.25%, 0, 0, 31, 26024.70, 100535968, 1098, 0, 0
3738, 359, 1160, 1282, 0, 0, 35.25%, 0, 0, 31, 26991.53, 100675334, 1098, 0, 0
3743, 360, 1127, 1282, 0, 0, 35.25%, 0, 0, 31, 24895.20, 100793365, 1098, 0, 0
3749, 360, 1280, 1282, 0, 0, 35.25%, 0, 0, 31, 25388.98, 100922390, 1098, 0, 0
3754, 361, 1240, 1282, 0, 0, 35.25%, 0, 0, 31, 24763.86, 101046684, 1098, 0, 0
3759, 361, 979, 1282, 0, 0, 35.25%, 0, 0, 31, 25560.29, 101173894, 1098, 0, 0
3764, 361, 1266, 1282, 0, 0, 35.25%, 0, 0, 31, 21183.00, 101277977, 1098, 0, 0
3769, 362, 1280, 1282, 0, 0, 35.25%, 0, 0, 31, 24301.26, 101395741, 1098, 0, 0
3774, 362, 951, 1282, 0, 0, 35.25%, 0, 0, 31, 21927.01, 101505325, 1098, 0, 0
3779, 362, 1220, 1282, 0, 0, 35.25%, 0, 0, 31, 26890.96, 101649760, 1098, 0, 0
3784, 363, 818, 1283, 1, 0, 35.25%, 0, 0, 31, 25982.64, 101783228, 1098, 0, 0
3789, 363, 672, 1283, 0, 0, 35.25%, 0, 0, 31, 33231.79, 101857009, 1098, 0, 0
3795, 363, 847, 1283, 0, 0, 35.25%, 0, 0, 31, 27666.47, 101987093, 1098, 0, 0
3800, 364, 1069, 1283, 0, 0, 35.25%, 0, 0, 31, 27226.55, 102125007, 1098, 0, 0
3805, 364, 984, 1283, 0, 0, 35.25%, 0, 0, 31, 26418.28, 102255701, 1098, 0, 0
3810, 365, 1172, 1283, 0, 0, 35.25%, 0, 0, 31, 20216.76, 102377100, 1098, 0, 0
3815, 365, 446, 1283, 0, 0, 35.25%, 0, 0, 31, 23980.56, 102501415, 1098, 0, 0
3820, 365, 400, 1285, 0, 0, 35.25%, 0, 0, 31, 26311.85, 102632647, 1098, 0, 0
3825, 366, 710, 1285, 0, 0, 35.25%, 0, 0, 31, 26251.16, 102761357, 1098, 0, 0
3830, 366, 1266, 1285, 0, 0, 35.25%, 0, 0, 31, 26595.53, 102897981, 1098, 0, 0
3835, 367, 531, 1285, 0, 0, 35.25%, 0, 0, 31, 26814.64, 103018517, 1098, 0, 0
3841, 367, 1268, 1285, 0, 0, 35.25%, 0, 0, 31, 25186.77, 103145434, 1098, 0, 0
3846, 367, 1188, 1285, 0, 0, 35.25%, 0, 0, 31, 25319.39, 103274711, 1098, 0, 0
3851, 368, 423, 1285, 0, 0, 35.25%, 0, 0, 31, 28540.64, 103399258, 1098, 0, 0
3856, 368, 1266, 1285, 0, 0, 35.25%, 0, 0, 31, 24754.25, 103518349, 1098, 0, 0
3861, 369, 1043, 1285, 0, 0, 35.25%, 0, 0, 31, 25091.82, 103651683, 1098, 0, 0
3866, 369, 1097, 1285, 0, 0, 35.25%, 0, 0, 31, 26015.39, 103782897, 1098, 0, 0
3871, 369, 1266, 1285, 0, 0, 35.25%, 0, 0, 31, 23313.75, 103895831, 1098, 0, 0
3877, 370, 1266, 1285, 0, 0, 35.25%, 0, 0, 31, 23851.61, 104022547, 1098, 0, 0
3882, 370, 597, 1286, 0, 0, 35.25%, 0, 0, 31, 25409.16, 104154015, 1098, 0, 0
3887, 370, 1150, 1286, 0, 0, 35.25%, 0, 0, 31, 28058.44, 104295228, 1098, 0, 0
3892, 371, 201, 1286, 0, 0, 35.25%, 0, 0, 31, 28403.11, 104430310, 1098, 0, 0
3897, 371, 1162, 1288, 0, 0, 35.25%, 0, 0, 31, 20455.42, 104555613, 1098, 0, 0
3902, 372, 709, 1288, 0, 0, 35.25%, 0, 0, 31, 24883.73, 104677258, 1098, 0, 0
3907, 372, 1266, 1288, 0, 0, 35.25%, 0, 0, 31, 26314.01, 104811721, 1098, 0, 0
3912, 372, 1277, 1289, 0, 0, 35.25%, 0, 0, 31, 26338.95, 104887988, 1098, 0, 0
3917, 373, 696, 1289, 0, 0, 35.25%, 0, 0, 31, 23934.12, 105007891, 1098, 0, 0
3922, 373, 847, 1289, 0, 0, 35.25%, 0, 0, 31, 7892.48, 105135058, 1098, 0, 0
3928, 373, 1266, 1289, 0, 0, 35.25%, 0, 0, 31, 21676.06, 105267728, 1098, 0, 0
3933, 374, 1155, 1289, 0, 0, 35.25%, 0, 0, 31, 25051.52, 105369803, 1098, 0, 0
3938, 374, 1036, 1289, 0, 0, 35.25%, 0, 0, 31, 23745.53, 105488548, 1098, 0, 0
3943, 374, 1038, 1289, 0, 0, 35.25%, 0, 0, 31, 24422.06, 105598769, 1098, 0, 0
3948, 375, 1288, 1290, 0, 0, 35.25%, 0, 0, 32, 24331.46, 105692628, 1098, 0, 0
3953, 375, 796, 1290, 0, 0, 35.25%, 0, 0, 32, 23140.90, 105807712, 1098, 0, 0
3958, 375, 797, 1290, 0, 0, 35.25%, 0, 0, 32, 24262.81, 105932217, 1098, 0, 0
3964, 376, 1058, 1290, 0, 0, 35.25%, 0, 0, 32, 26122.15, 106067210, 1098, 0, 0
3969, 376, 725, 1290, 0, 0, 35.25%, 0, 0, 32, 21844.82, 106185052, 1098, 0, 0
3974, 376, 136, 1290, 0, 0, 35.25%, 0, 0, 32, 27349.22, 106326728, 1098, 0, 0
3979, 377, 850, 1290, 0, 0, 35.25%, 0, 0, 32, 30007.26, 106446871, 1098, 0, 0
3984, 377, 893, 1290, 0, 0, 35.25%, 0, 0, 32, 26929.55, 106579926, 1098, 0, 0
3989, 378, 1266, 1290, 0, 0, 35.25%, 0, 0, 32, 26548.22, 106711284, 1098, 0, 0
3994, 378, 797, 1291, 0, 0, 35.25%, 0, 0, 32, 25150.50, 106832295, 1098, 0, 0
4000, 378, 1007, 1292, 0, 0, 35.25%, 0, 0, 32, 25845.33, 106970352, 1098, 0, 0
4005, 379, 835, 1292, 0, 0, 35.25%, 0, 0, 32, 26409.87, 107103789, 1098, 0, 0
4010, 379, 728, 1292, 0, 0, 35.25%, 0, 0, 32, 26400.07, 107236418, 1098, 0, 0
4015, 379, 888, 1292, 0, 0, 35.25%, 0, 0, 32, 25488.91, 107359235, 1098, 0, 0
4020, 380, 1266, 1292, 0, 0, 35.25%, 0, 0, 32, 27561.68, 107501352, 1098, 0, 0
4025, 380, 725, 1292, 0, 0, 35.25%, 0, 0, 32, 20927.50, 107630228, 1098, 0, 0
4030, 381, 967, 1292, 0, 0, 35.25%, 0, 0, 32, 28445.24, 107752057, 1098, 0, 0
4035, 381, 1264, 1292, 0, 0, 35.25%, 0, 0, 32, 26999.29, 107885334, 1098, 0, 0
4040, 381, 1290, 1292, 0, 0, 35.25%, 0, 0, 32, 23748.56, 107996137, 1098, 0, 0
4045, 382, 1049, 1292, 0, 0, 35.25%, 0, 0, 32, 23969.95, 108117559, 1098, 0, 0
4050, 382, 1243, 1292, 0, 0, 35.25%, 0, 0, 32, 24464.11, 108246111, 1098, 0, 0
4055, 382, 1074, 1292, 0, 0, 35.25%, 0, 0, 32, 25621.36, 108374194, 1098, 0, 0
4060, 383, 1162, 1292, 0, 0, 35.25%, 0, 0, 32, 23812.87, 108494410, 1098, 0, 0
4066, 383, 850, 1292, 0, 0, 35.25%, 0, 0, 32, 23638.74, 108614575, 1098, 0, 0
4071, 383, 1007, 1292, 0, 0, 35.25%, 0, 0, 32, 26804.04, 108750639, 1098, 0, 0
4076, 384, 1220, 1292, 0, 0, 35.25%, 0, 0, 32, 24931.88, 108875965, 1098, 0, 0
4081, 384, 880, 1293, 0, 0, 35.25%, 0, 0, 32, 13326.05, 108961597, 1098, 0, 0
4086, 384, 1250, 1293, 0, 0, 35.25%, 0, 0, 32, 25540.98, 109104400, 1098, 0, 0
4091, 385, 127, 1293, 0, 0, 35.25%, 0, 0, 32, 25376.52, 109242332, 1098, 0, 0
4096, 385, 713, 1293, 0, 0, 35.25%, 0, 0, 32, 24353.73, 109360785, 1098, 0, 0
4101, 386, 1043, 1293, 0, 0, 35.25%, 0, 0, 32, 22067.32, 109462634, 1098, 0, 0
4106, 386, 1293, 1297, 4, 0, 35.25%, 0, 0, 32, 24065.29, 109586449, 1098, 0, 0
4112, 386, 1007, 1297, 0, 0, 35.25%, 0, 0, 32, 22808.59, 109692927, 1098, 0, 0
4117, 386, 605, 1297, 0, 0, 35.25%, 0, 0, 32, 22621.97, 109808170, 1098, 0, 0
4122, 387, 785, 1297, 0, 0, 35.25%, 0, 0, 32, 26754.96, 109952156, 1098, 0, 0
4127, 387, 1134, 1297, 0, 0, 35.25%, 0, 0, 32, 25046.62, 110075873, 1098, 0, 0
4132, 388, 1043, 1297, 0, 0, 35.25%, 0, 0, 32, 1664.26, 110209768, 1098, 0, 0
4137, 388, 1007, 1297, 0, 0, 35.25%, 0, 0, 32, 22828.79, 110328869, 1098, 0, 0
4142, 388, 999, 1297, 0, 0, 35.25%, 0, 0, 32, 27810.07, 110477206, 1098, 0, 0
4147, 389, 1208, 1297, 0, 0, 35.25%, 0, 0, 32, 27533.93, 110616315, 1098, 0, 0
4152, 389, 603, 1297, 0, 0, 35.25%, 0, 0, 32, 25015.34, 110741850, 1098, 0, 0
4157, 390, 457, 1297, 0, 0, 35.25%, 0, 0, 32, 24484.89, 110859510, 1098, 0, 0
4163, 390, 1127, 1297, 0, 0, 35.25%, 0, 0, 32, 22769.26, 110981123, 1098, 0, 0
4168, 390, 126, 1297, 0, 0, 35.25%, 0, 0, 32, 26474.28, 111119255, 1098, 0, 0
4173, 391, 416, 1297, 0, 0, 35.25%, 0, 0, 32, 25938.69, 111238622, 1098, 0, 0
4178, 391, 1091, 1297, 0, 0, 35.25%, 0, 0, 32, 29036.45, 111365097, 1098, 0, 0
4183, 391, 479, 1297, 0, 0, 35.25%, 0, 0, 32, 25015.01, 111493976, 1098, 0, 0
4188, 392, 1214, 1297, 0, 0, 35.25%, 0, 0, 32, 24789.39, 111620994, 1098, 0, 0
4193, 392, 1285, 1297, 0, 0, 35.25%, 0, 0, 32, 25014.14, 111738540, 1098, 0, 0
4198, 392, 829, 1297, 0, 0, 35.25%, 0, 0, 32, 26519.54, 111867864, 1098, 0, 0
4203, 393, 1134, 1297, 0, 0, 35.25%, 0, 0, 32, 25534.50, 112001370, 1098, 0, 0
4208, 393, 851, 1297, 0, 0, 35.25%, 0, 0, 32, 16876.67, 112127264, 1098, 0, 0
4214, 394, 1220, 1297, 0, 0, 35.25%, 0, 0, 32, 23983.36, 112257572, 1098, 0, 0
4219, 394, 1266, 1297, 0, 0, 35.25%, 0, 0, 32, 24009.03, 112378271, 1098, 0, 0
4224, 394, 220, 1297, 0, 0, 35.25%, 0, 0, 32, 30950.89, 112494958, 1098, 0, 0
4230, 394, 662, 1299, 1, 0, 35.25%, 0, 0, 32, 2100.61, 112587864, 1098, 0, 0
4235, 395, 928, 1299, 0, 0, 35.25%, 0, 0, 32, 25364.50, 112710076, 1098, 0, 0
4240, 395, 1290, 1299, 0, 0, 35.25%, 0, 0, 32, 26735.42, 112848069, 1098, 0, 0
4245, 396, 115, 1299, 0, 0, 35.25%, 0, 0, 32, 23548.93, 112980644, 1098, 0, 0
4250, 396, 1150, 1299, 0, 0, 35.25%, 0, 0, 32, 24950.39, 113108516, 1098, 0, 0
4255, 396, 709, 1299, 0, 0, 35.25%, 0, 0, 32, 31997.49, 113237786, 1098, 0, 0
4261, 397, 186, 1299, 0, 0, 35.25%, 0, 0, 32, 36072.81, 113370987, 1098, 0, 0
4266, 397, 1276, 1299, 0, 0, 35.25%, 0, 0, 32, 26477.03, 113484991, 1098, 0, 0
4271, 397, 1179, 1299, 0, 0, 35.25%, 0, 0, 32, 26203.26, 113615366, 1098, 0, 0
4276, 398, 1266, 1299, 0, 0, 35.25%, 0, 0, 32, 24836.97, 113741760, 1098, 0, 0
4281, 398, 324, 1299, 0, 0, 35.25%, 0, 0, 32, 28503.60, 113864800, 1098, 0, 0
4286, 399, 118, 1299, 0, 0, 35.25%, 0, 0, 32, 27695.63, 114000524, 1098, 0, 0
4291, 399, 1299, 1300, 1, 0, 35.25%, 0, 0, 32, 25167.89, 114126061, 1098, 0, 0
4296, 399, 709, 1300, 0, 0, 35.25%, 0, 0, 32, 23913.69, 114203801, 1098, 0, 0
4301, 399, 750, 1300, 0, 0, 35.25%, 0, 0, 32, 26099.50, 114318739, 1098, 0, 0
4306, 400, 1273, 1300, 0, 0, 35.25%, 0, 0, 32, 25922.96, 114435672, 1098, 0, 0
4312, 400, 986, 1300, 0, 0, 35.25%, 0, 0, 32, 25228.22, 114562766, 1098, 0, 0
4317, 400, 1054, 1300, 0, 0, 35.25%, 0, 0, 32, 26749.84, 114696070, 1098, 0, 0
4322, 401, 885, 1301, 0, 0, 35.25%, 0, 0, 32, 22379.37, 114799670, 1098, 0, 0
4327, 401, 1034, 1301, 0, 0, 35.25%, 0, 0, 32, 24112.11, 114929166, 1098, 0, 0
4332, 401, 123, 1301, 0, 0, 35.25%, 0, 0, 32, 23495.93, 115047387, 1098, 0, 0
4337, 402, 150, 1301, 0, 0, 35.25%, 0, 0, 32, 25143.30, 115174956, 1098, 0, 0
4342, 402, 437, 1301, 0, 0, 35.25%, 0, 0, 32, 26456.83, 115311885, 1098, 0, 0
4347, 403, 928, 1301, 0, 0, 35.25%, 0, 0, 32, 28586.21, 115455295, 1098, 0, 0
4352, 403, 1296, 1304, 2, 0, 35.25%, 0, 0, 32, 25856.01, 115573549, 1098, 0, 0
4357, 403, 1162, 1304, 0, 0, 35.25%, 0, 0, 32, 26423.03, 115701933, 1098, 0, 0
4362, 404, 1038, 1304, 0, 0, 35.25%, 0, 0, 32, 23886.59, 115815922, 1098, 0, 0
4367, 404, 526, 1304, 0, 0, 35.25%, 0, 0, 32, 24244.32, 115930288, 1098, 0, 0
4372, 404, 688, 1304, 0, 0, 35.25%, 0, 0, 32, 23659.02, 116049634, 1098, 0, 0
4378, 404, 1294, 1304, 0, 0, 35.25%, 0, 0, 32, 24392.75, 116168578, 1098, 0, 0
4383, 405, 1269, 1305, 1, 0, 35.25%, 0, 0, 32, 25531.73, 116293113, 1098, 0, 0
4388, 405, 1273, 1305, 0, 0, 35.25%, 0, 0, 32, 23616.65, 116413932, 1098, 0, 0
4393, 405, 967, 1305, 0, 0, 35.25%, 0, 0, 32, 21918.35, 116520282, 1098, 0, 0
4398, 406, 1035, 1305, 0, 0, 35.25%, 0, 0, 32, 26722.75, 116636316, 1098, 0, 0
4403, 406, 1266, 1305, 0, 0, 35.25%, 0, 0, 32, 24358.53, 116741775, 1098, 0, 0
4408, 406, 1299, 1305, 0, 0, 35.25%, 0, 0, 32, 25587.19, 116869886, 1098, 0, 0
4413, 407, 852, 1306, 1, 0, 35.25%, 0, 0, 32, 25060.51, 116995510, 1098, 0, 0
4418, 407, 1290, 1306, 0, 0, 35.25%, 0, 0, 32, 23682.81, 117082647, 1098, 0, 0
4423, 407, 1265, 1306, 0, 0, 35.25%, 0, 0, 32, 18385.63, 117197767, 1098, 0, 0
4429, 408, 1038, 1306, 0, 0, 35.25%, 0, 0, 32, 23512.66, 117320573, 1098, 0, 0
4434, 408, 1039, 1306, 0, 0, 35.25%, 0, 0, 32, 23756.51, 117443626, 1098, 0, 0
4439, 408, 1301, 1306, 0, 0, 35.25%, 0, 0, 32, 23238.77, 117557925, 1098, 0, 0
4444, 409, 1162, 1306, 0, 0, 35.25%, 0, 0, 32, 22936.79, 117670766, 1098, 0, 0
4448, 409, 1293, 1306, 0, 0, 35.25%, 0, 0, 32, 23798.09, 117768977, 1098, 0, 0
